2026070312 2026070400     6032       50  0.00000e+00
2026070312 2026070400     6032       70  0.00000e+00
2026070312 2026070400     6032      100  0.00000e+00
2026070312 2026070400     6032      150  0.00000e+00
2026070312 2026070400     6032      200  0.00000e+00
2026070312 2026070400     6032      250  0.00000e+00
2026070312 2026070400     6032      300  6.45816e-03
2026070312 2026070400     6032      350  8.13055e-01
2026070312 2026070400     6032      400  1.00000e+00
2026070312 2026070400     6032      450  8.41110e-01
2026070312 2026070400     6032      500  6.68967e-02
2026070312 2026070400     6032      550  0.00000e+00
2026070312 2026070400     6032      600  0.00000e+00
2026070312 2026070400     6032      650  0.00000e+00
2026070312 2026070400     6032      700  0.00000e+00
2026070312 2026070400     6032      750  0.00000e+00
2026070312 2026070400     6032      800  0.00000e+00
2026070312 2026070400     6032      850  0.00000e+00
2026070312 2026070400     6032      875  0.00000e+00
2026070312 2026070400     6032      900  0.00000e+00
2026070312 2026070400     6032      925  0.00000e+00
2026070312 2026070400     6032      950  0.00000e+00
2026070312 2026070400     6032      975  5.56206e-01
2026070312 2026070400     6032     1000  0.00000e+00
2026070312 2026070401     6032       50  0.00000e+00
2026070312 2026070401     6032       70  0.00000e+00
2026070312 2026070401     6032      100  0.00000e+00
2026070312 2026070401     6032      150  0.00000e+00
2026070312 2026070401     6032      200  0.00000e+00
2026070312 2026070401     6032      250  0.00000e+00
2026070312 2026070401     6032      300  1.90535e-02
2026070312 2026070401     6032      350  8.19936e-01
2026070312 2026070401     6032      400  1.00000e+00
2026070312 2026070401     6032      450  8.28830e-01
2026070312 2026070401     6032      500  1.88407e-02
2026070312 2026070401     6032      550  0.00000e+00
2026070312 2026070401     6032      600  0.00000e+00
2026070312 2026070401     6032      650  0.00000e+00
2026070312 2026070401     6032      700  0.00000e+00
2026070312 2026070401     6032      750  0.00000e+00
2026070312 2026070401     6032      800  0.00000e+00
2026070312 2026070401     6032      850  0.00000e+00
2026070312 2026070401     6032      875  0.00000e+00
2026070312 2026070401     6032      900  0.00000e+00
2026070312 2026070401     6032      925  0.00000e+00
2026070312 2026070401     6032      950  0.00000e+00
2026070312 2026070401     6032      975  0.00000e+00
2026070312 2026070401     6032     1000  0.00000e+00
2026070312 2026070402     6032       50  0.00000e+00
2026070312 2026070402     6032       70  0.00000e+00
2026070312 2026070402     6032      100  0.00000e+00
2026070312 2026070402     6032      150  0.00000e+00
2026070312 2026070402     6032      200  0.00000e+00
2026070312 2026070402     6032      250  1.91430e-02
2026070312 2026070402     6032      300  1.00000e+00
2026070312 2026070402     6032      350  1.00000e+00
2026070312 2026070402     6032      400  9.82840e-02
2026070312 2026070402     6032      450  9.09722e-03
2026070312 2026070402     6032      500  0.00000e+00
2026070312 2026070402     6032      550  0.00000e+00
2026070312 2026070402     6032      600  0.00000e+00
2026070312 2026070402     6032      650  0.00000e+00
2026070312 2026070402     6032      700  0.00000e+00
2026070312 2026070402     6032      750  0.00000e+00
2026070312 2026070402     6032      800  0.00000e+00
2026070312 2026070402     6032      850  0.00000e+00
2026070312 2026070402     6032      875  0.00000e+00
2026070312 2026070402     6032      900  0.00000e+00
2026070312 2026070402     6032      925  0.00000e+00
2026070312 2026070402     6032      950  0.00000e+00
2026070312 2026070402     6032      975  5.13066e-01
2026070312 2026070402     6032     1000  2.57061e-01
2026070312 2026070403     6032       50  0.00000e+00
2026070312 2026070403     6032       70  0.00000e+00
2026070312 2026070403     6032      100  0.00000e+00
2026070312 2026070403     6032      150  8.34940e-01
2026070312 2026070403     6032      200  0.00000e+00
2026070312 2026070403     6032      250  0.00000e+00
2026070312 2026070403     6032      300  0.00000e+00
2026070312 2026070403     6032      350  0.00000e+00
2026070312 2026070403     6032      400  0.00000e+00
2026070312 2026070403     6032      450  0.00000e+00
2026070312 2026070403     6032      500  2.24039e-01
2026070312 2026070403     6032      550  7.08967e-01
2026070312 2026070403     6032      600  0.00000e+00
2026070312 2026070403     6032      650  0.00000e+00
2026070312 2026070403     6032      700  0.00000e+00
2026070312 2026070403     6032      750  0.00000e+00
2026070312 2026070403     6032      800  0.00000e+00
2026070312 2026070403     6032      850  0.00000e+00
2026070312 2026070403     6032      875  0.00000e+00
2026070312 2026070403     6032      900  0.00000e+00
2026070312 2026070403     6032      925  0.00000e+00
2026070312 2026070403     6032      950  0.00000e+00
2026070312 2026070403     6032      975  6.84630e-01
2026070312 2026070403     6032     1000  6.96850e-01
2026070312 2026070404     6032       50  0.00000e+00
2026070312 2026070404     6032       70  0.00000e+00
2026070312 2026070404     6032      100  0.00000e+00
2026070312 2026070404     6032      150  0.00000e+00
2026070312 2026070404     6032      200  0.00000e+00
2026070312 2026070404     6032      250  0.00000e+00
2026070312 2026070404     6032      300  0.00000e+00
2026070312 2026070404     6032      350  0.00000e+00
2026070312 2026070404     6032      400  0.00000e+00
2026070312 2026070404     6032      450  0.00000e+00
2026070312 2026070404     6032      500  0.00000e+00
2026070312 2026070404     6032      550  0.00000e+00
2026070312 2026070404     6032      600  0.00000e+00
2026070312 2026070404     6032      650  0.00000e+00
2026070312 2026070404     6032      700  0.00000e+00
2026070312 2026070404     6032      750  0.00000e+00
2026070312 2026070404     6032      800  0.00000e+00
2026070312 2026070404     6032      850  0.00000e+00
2026070312 2026070404     6032      875  0.00000e+00
2026070312 2026070404     6032      900  0.00000e+00
2026070312 2026070404     6032      925  0.00000e+00
2026070312 2026070404     6032      950  0.00000e+00
2026070312 2026070404     6032      975  0.00000e+00
2026070312 2026070404     6032     1000  0.00000e+00
2026070312 2026070405     6032       50  0.00000e+00
2026070312 2026070405     6032       70  0.00000e+00
2026070312 2026070405     6032      100  0.00000e+00
2026070312 2026070405     6032      150  0.00000e+00
2026070312 2026070405     6032      200  0.00000e+00
2026070312 2026070405     6032      250  0.00000e+00
2026070312 2026070405     6032      300  0.00000e+00
2026070312 2026070405     6032      350  0.00000e+00
2026070312 2026070405     6032      400  6.61818e-02
2026070312 2026070405     6032      450  1.00000e+00
2026070312 2026070405     6032      500  9.99750e-01
2026070312 2026070405     6032      550  9.98862e-01
2026070312 2026070405     6032      600  9.78098e-01
2026070312 2026070405     6032      650  5.54208e-01
2026070312 2026070405     6032      700  0.00000e+00
2026070312 2026070405     6032      750  0.00000e+00
2026070312 2026070405     6032      800  0.00000e+00
2026070312 2026070405     6032      850  0.00000e+00
2026070312 2026070405     6032      875  0.00000e+00
2026070312 2026070405     6032      900  0.00000e+00
2026070312 2026070405     6032      925  0.00000e+00
2026070312 2026070405     6032      950  0.00000e+00
2026070312 2026070405     6032      975  0.00000e+00
2026070312 2026070405     6032     1000  0.00000e+00
2026070312 2026070406     6032       50  0.00000e+00
2026070312 2026070406     6032       70  0.00000e+00
2026070312 2026070406     6032      100  0.00000e+00
2026070312 2026070406     6032      150  0.00000e+00
2026070312 2026070406     6032      200  5.19731e-01
2026070312 2026070406     6032      250  0.00000e+00
2026070312 2026070406     6032      300  0.00000e+00
2026070312 2026070406     6032      350  0.00000e+00
2026070312 2026070406     6032      400  1.67639e-02
2026070312 2026070406     6032      450  3.83085e-01
2026070312 2026070406     6032      500  1.00000e+00
2026070312 2026070406     6032      550  9.88958e-01
2026070312 2026070406     6032      600  6.35157e-01
2026070312 2026070406     6032      650  0.00000e+00
2026070312 2026070406     6032      700  0.00000e+00
2026070312 2026070406     6032      750  0.00000e+00
2026070312 2026070406     6032      800  0.00000e+00
2026070312 2026070406     6032      850  0.00000e+00
2026070312 2026070406     6032      875  0.00000e+00
2026070312 2026070406     6032      900  0.00000e+00
2026070312 2026070406     6032      925  0.00000e+00
2026070312 2026070406     6032      950  0.00000e+00
2026070312 2026070406     6032      975  0.00000e+00
2026070312 2026070406     6032     1000  0.00000e+00
2026070312 2026070407     6032       50  0.00000e+00
2026070312 2026070407     6032       70  0.00000e+00
2026070312 2026070407     6032      100  0.00000e+00
2026070312 2026070407     6032      150  0.00000e+00
2026070312 2026070407     6032      200  0.00000e+00
2026070312 2026070407     6032      250  0.00000e+00
2026070312 2026070407     6032      300  0.00000e+00
2026070312 2026070407     6032      350  0.00000e+00
2026070312 2026070407     6032      400  8.28815e-03
2026070312 2026070407     6032      450  2.81682e-01
2026070312 2026070407     6032      500  1.00000e+00
2026070312 2026070407     6032      550  9.99683e-01
2026070312 2026070407     6032      600  7.22169e-01
2026070312 2026070407     6032      650  1.04288e-01
2026070312 2026070407     6032      700  0.00000e+00
2026070312 2026070407     6032      750  0.00000e+00
2026070312 2026070407     6032      800  0.00000e+00
2026070312 2026070407     6032      850  0.00000e+00
2026070312 2026070407     6032      875  0.00000e+00
2026070312 2026070407     6032      900  0.00000e+00
2026070312 2026070407     6032      925  0.00000e+00
2026070312 2026070407     6032      950  0.00000e+00
2026070312 2026070407     6032      975  0.00000e+00
2026070312 2026070407     6032     1000  0.00000e+00
2026070312 2026070408     6032       50  0.00000e+00
2026070312 2026070408     6032       70  0.00000e+00
2026070312 2026070408     6032      100  0.00000e+00
2026070312 2026070408     6032      150  0.00000e+00
2026070312 2026070408     6032      200  0.00000e+00
2026070312 2026070408     6032      250  0.00000e+00
2026070312 2026070408     6032      300  0.00000e+00
2026070312 2026070408     6032      350  0.00000e+00
2026070312 2026070408     6032      400  0.00000e+00
2026070312 2026070408     6032      450  1.78329e-01
2026070312 2026070408     6032      500  1.00000e+00
2026070312 2026070408     6032      550  8.26006e-01
2026070312 2026070408     6032      600  2.49787e-01
2026070312 2026070408     6032      650 -1.11022e-16
2026070312 2026070408     6032      700  0.00000e+00
2026070312 2026070408     6032      750  0.00000e+00
2026070312 2026070408     6032      800  0.00000e+00
2026070312 2026070408     6032      850  0.00000e+00
2026070312 2026070408     6032      875  0.00000e+00
2026070312 2026070408     6032      900  0.00000e+00
2026070312 2026070408     6032      925  0.00000e+00
2026070312 2026070408     6032      950  0.00000e+00
2026070312 2026070408     6032      975  0.00000e+00
2026070312 2026070408     6032     1000  0.00000e+00
2026070312 2026070409     6032       50  0.00000e+00
2026070312 2026070409     6032       70  0.00000e+00
2026070312 2026070409     6032      100  0.00000e+00
2026070312 2026070409     6032      150  4.21301e-02
2026070312 2026070409     6032      200  8.24604e-01
2026070312 2026070409     6032      250  7.71578e-01
2026070312 2026070409     6032      300  7.58626e-01
2026070312 2026070409     6032      350  6.84134e-01
2026070312 2026070409     6032      400  5.84658e-01
2026070312 2026070409     6032      450  4.35253e-01
2026070312 2026070409     6032      500  4.44486e-01
2026070312 2026070409     6032      550  4.48857e-01
2026070312 2026070409     6032      600  1.19973e-02
2026070312 2026070409     6032      650  0.00000e+00
2026070312 2026070409     6032      700  2.28316e-01
2026070312 2026070409     6032      750  1.53242e-01
2026070312 2026070409     6032      800  0.00000e+00
2026070312 2026070409     6032      850  0.00000e+00
2026070312 2026070409     6032      875  0.00000e+00
2026070312 2026070409     6032      900  0.00000e+00
2026070312 2026070409     6032      925  0.00000e+00
2026070312 2026070409     6032      950  0.00000e+00
2026070312 2026070409     6032      975  0.00000e+00
2026070312 2026070409     6032     1000  0.00000e+00
