2026070312 2026070400        0        2  2.95660e+02
2026070312 2026070400       17        0  2.95238e+02
2026070312 2026070400     1001        2  9.89153e+01
2026070312 2026070400     2002       10 -1.64634e+00
2026070312 2026070400     2002       80 -2.11348e+00
2026070312 2026070400     2003       10 -5.37887e-01
2026070312 2026070400     2003       80 -1.17536e+00
2026070312 2026070400     2022        0  2.30303e+00
2026070312 2026070401        0        2  2.95576e+02
2026070312 2026070401       17        0  2.95324e+02
2026070312 2026070401     1001        2  9.90123e+01
2026070312 2026070401     2002       10 -4.10262e+00
2026070312 2026070401     2002       80 -4.12079e+00
2026070312 2026070401     2003       10  6.19850e-02
2026070312 2026070401     2003       80 -2.86858e-01
2026070312 2026070401     2022        0  4.63553e+00
2026070312 2026070402        0        2  2.95239e+02
2026070312 2026070402       17        0  2.95424e+02
2026070312 2026070402     1001        2  1.00000e+02
2026070312 2026070402     2002       10 -4.72489e-01
2026070312 2026070402     2002       80 -1.92312e-01
2026070312 2026070402     2003       10  2.29837e+00
2026070312 2026070402     2003       80  2.96011e+00
2026070312 2026070402     2022        0  2.47859e+00
2026070312 2026070403        0        2  2.95856e+02
2026070312 2026070403       17        0  2.95521e+02
2026070312 2026070403     1001        2  9.99883e+01
2026070312 2026070403     2002       10  2.05946e+00
2026070312 2026070403     2002       80  3.38696e+00
2026070312 2026070403     2003       10  3.89993e+00
2026070312 2026070403     2003       80  4.52577e+00
2026070312 2026070403     2022        0  5.67868e+00
2026070312 2026070404        0        2  2.96372e+02
2026070312 2026070404       17        0  2.95620e+02
2026070312 2026070404     1001        2  9.84954e+01
2026070312 2026070404     2002       10  5.85623e+00
2026070312 2026070404     2002       80  7.53078e+00
2026070312 2026070404     2003       10  5.35963e+00
2026070312 2026070404     2003       80  6.28119e+00
2026070312 2026070404     2022        0  9.83216e+00
2026070312 2026070405        0        2  2.96199e+02
2026070312 2026070405       17        0  2.95665e+02
2026070312 2026070405     1001        2  9.94838e+01
2026070312 2026070405     2002       10  5.65275e+00
2026070312 2026070405     2002       80  7.78286e+00
2026070312 2026070405     2003       10  5.58657e+00
2026070312 2026070405     2003       80  6.70276e+00
2026070312 2026070405     2022        0  1.03172e+01
2026070312 2026070406        0        2  2.96088e+02
2026070312 2026070406       17        0  2.95683e+02
2026070312 2026070406     1001        2  9.97534e+01
2026070312 2026070406     2002       10  5.58119e+00
2026070312 2026070406     2002       80  7.16173e+00
2026070312 2026070406     2003       10  6.07540e+00
2026070312 2026070406     2003       80  7.23258e+00
2026070312 2026070406     2022        0  1.01850e+01
2026070312 2026070407        0        2  2.96177e+02
2026070312 2026070407       17        0  2.95704e+02
2026070312 2026070407     1001        2  9.94904e+01
2026070312 2026070407     2002       10  4.19531e+00
2026070312 2026070407     2002       80  5.89118e+00
2026070312 2026070407     2003       10  5.60525e+00
2026070312 2026070407     2003       80  7.06126e+00
2026070312 2026070407     2022        0  9.23155e+00
2026070312 2026070408        0        2  2.96372e+02
2026070312 2026070408       17        0  2.95717e+02
2026070312 2026070408     1001        2  9.90937e+01
2026070312 2026070408     2002       10  5.20628e+00
2026070312 2026070408     2002       80  7.46951e+00
2026070312 2026070408     2003       10  6.16879e+00
2026070312 2026070408     2003       80  7.45120e+00
2026070312 2026070408     2022        0  1.06049e+01
2026070312 2026070409        0        2  2.96515e+02
2026070312 2026070409       17        0  2.95748e+02
2026070312 2026070409     1001        2  9.89627e+01
2026070312 2026070409     2002       10  6.53963e+00
2026070312 2026070409     2002       80  8.69485e+00
2026070312 2026070409     2003       10  7.13928e+00
2026070312 2026070409     2003       80  8.45103e+00
2026070312 2026070409     2022        0  1.22077e+01
