2026070312 2026070315     6032       50  0.00000e+00
2026070312 2026070315     6032       70  0.00000e+00
2026070312 2026070315     6032      100  0.00000e+00
2026070312 2026070315     6032      150  0.00000e+00
2026070312 2026070315     6032      200  4.54788e-01
2026070312 2026070315     6032      250  0.00000e+00
2026070312 2026070315     6032      300  0.00000e+00
2026070312 2026070315     6032      350  0.00000e+00
2026070312 2026070315     6032      400  0.00000e+00
2026070312 2026070315     6032      450  0.00000e+00
2026070312 2026070315     6032      500  0.00000e+00
2026070312 2026070315     6032      550  0.00000e+00
2026070312 2026070315     6032      600  0.00000e+00
2026070312 2026070315     6032      650  0.00000e+00
2026070312 2026070315     6032      700  0.00000e+00
2026070312 2026070315     6032      750  0.00000e+00
2026070312 2026070315     6032      800  0.00000e+00
2026070312 2026070315     6032      850  0.00000e+00
2026070312 2026070315     6032      875  0.00000e+00
2026070312 2026070315     6032      900  0.00000e+00
2026070312 2026070315     6032      925  0.00000e+00
2026070312 2026070315     6032      950  0.00000e+00
2026070312 2026070315     6032      975  0.00000e+00
2026070312 2026070315     6032     1000  0.00000e+00
2026070312 2026070316     6032       50  0.00000e+00
2026070312 2026070316     6032       70  0.00000e+00
2026070312 2026070316     6032      100  0.00000e+00
2026070312 2026070316     6032      150  0.00000e+00
2026070312 2026070316     6032      200  4.54591e-01
2026070312 2026070316     6032      250  0.00000e+00
2026070312 2026070316     6032      300  0.00000e+00
2026070312 2026070316     6032      350  0.00000e+00
2026070312 2026070316     6032      400  0.00000e+00
2026070312 2026070316     6032      450  0.00000e+00
2026070312 2026070316     6032      500  0.00000e+00
2026070312 2026070316     6032      550  0.00000e+00
2026070312 2026070316     6032      600  0.00000e+00
2026070312 2026070316     6032      650  0.00000e+00
2026070312 2026070316     6032      700  0.00000e+00
2026070312 2026070316     6032      750  0.00000e+00
2026070312 2026070316     6032      800  0.00000e+00
2026070312 2026070316     6032      850  0.00000e+00
2026070312 2026070316     6032      875  2.90674e-03
2026070312 2026070316     6032      900  8.78918e-01
2026070312 2026070316     6032      925  5.41502e-01
2026070312 2026070316     6032      950  8.88553e-02
2026070312 2026070316     6032      975  3.33527e-01
2026070312 2026070316     6032     1000  1.67519e-02
2026070312 2026070317     6032       50  0.00000e+00
2026070312 2026070317     6032       70  0.00000e+00
2026070312 2026070317     6032      100  0.00000e+00
2026070312 2026070317     6032      150  0.00000e+00
2026070312 2026070317     6032      200  0.00000e+00
2026070312 2026070317     6032      250  0.00000e+00
2026070312 2026070317     6032      300  0.00000e+00
2026070312 2026070317     6032      350  0.00000e+00
2026070312 2026070317     6032      400  0.00000e+00
2026070312 2026070317     6032      450  0.00000e+00
2026070312 2026070317     6032      500  0.00000e+00
2026070312 2026070317     6032      550  0.00000e+00
2026070312 2026070317     6032      600  0.00000e+00
2026070312 2026070317     6032      650 -1.11022e-16
2026070312 2026070317     6032      700  0.00000e+00
2026070312 2026070317     6032      750  0.00000e+00
2026070312 2026070317     6032      800  0.00000e+00
2026070312 2026070317     6032      850  0.00000e+00
2026070312 2026070317     6032      875  0.00000e+00
2026070312 2026070317     6032      900  0.00000e+00
2026070312 2026070317     6032      925  0.00000e+00
2026070312 2026070317     6032      950  0.00000e+00
2026070312 2026070317     6032      975  0.00000e+00
2026070312 2026070317     6032     1000  3.37579e-01
2026070312 2026070318     6032       50  0.00000e+00
2026070312 2026070318     6032       70  0.00000e+00
2026070312 2026070318     6032      100  0.00000e+00
2026070312 2026070318     6032      150  0.00000e+00
2026070312 2026070318     6032      200  0.00000e+00
2026070312 2026070318     6032      250  0.00000e+00
2026070312 2026070318     6032      300  0.00000e+00
2026070312 2026070318     6032      350  0.00000e+00
2026070312 2026070318     6032      400  0.00000e+00
2026070312 2026070318     6032      450  0.00000e+00
2026070312 2026070318     6032      500  0.00000e+00
2026070312 2026070318     6032      550  0.00000e+00
2026070312 2026070318     6032      600  0.00000e+00
2026070312 2026070318     6032      650  0.00000e+00
2026070312 2026070318     6032      700  0.00000e+00
2026070312 2026070318     6032      750  0.00000e+00
2026070312 2026070318     6032      800  0.00000e+00
2026070312 2026070318     6032      850  0.00000e+00
2026070312 2026070318     6032      875  0.00000e+00
2026070312 2026070318     6032      900  0.00000e+00
2026070312 2026070318     6032      925  0.00000e+00
2026070312 2026070318     6032      950  0.00000e+00
2026070312 2026070318     6032      975  8.39748e-01
2026070312 2026070318     6032     1000  3.29757e-01
2026070312 2026070319     6032       50  0.00000e+00
2026070312 2026070319     6032       70  0.00000e+00
2026070312 2026070319     6032      100  0.00000e+00
2026070312 2026070319     6032      150  0.00000e+00
2026070312 2026070319     6032      200  0.00000e+00
2026070312 2026070319     6032      250  0.00000e+00
2026070312 2026070319     6032      300  0.00000e+00
2026070312 2026070319     6032      350  0.00000e+00
2026070312 2026070319     6032      400  0.00000e+00
2026070312 2026070319     6032      450  0.00000e+00
2026070312 2026070319     6032      500  0.00000e+00
2026070312 2026070319     6032      550  0.00000e+00
2026070312 2026070319     6032      600  0.00000e+00
2026070312 2026070319     6032      650  0.00000e+00
2026070312 2026070319     6032      700  0.00000e+00
2026070312 2026070319     6032      750  0.00000e+00
2026070312 2026070319     6032      800  0.00000e+00
2026070312 2026070319     6032      850  0.00000e+00
2026070312 2026070319     6032      875  0.00000e+00
2026070312 2026070319     6032      900  0.00000e+00
2026070312 2026070319     6032      925  0.00000e+00
2026070312 2026070319     6032      950  0.00000e+00
2026070312 2026070319     6032      975  8.09395e-01
2026070312 2026070319     6032     1000  6.58662e-02
2026070312 2026070320     6032       50  0.00000e+00
2026070312 2026070320     6032       70  0.00000e+00
2026070312 2026070320     6032      100  0.00000e+00
2026070312 2026070320     6032      150  0.00000e+00
2026070312 2026070320     6032      200  0.00000e+00
2026070312 2026070320     6032      250  0.00000e+00
2026070312 2026070320     6032      300  0.00000e+00
2026070312 2026070320     6032      350  0.00000e+00
2026070312 2026070320     6032      400  0.00000e+00
2026070312 2026070320     6032      450  0.00000e+00
2026070312 2026070320     6032      500  0.00000e+00
2026070312 2026070320     6032      550  0.00000e+00
2026070312 2026070320     6032      600  0.00000e+00
2026070312 2026070320     6032      650  0.00000e+00
2026070312 2026070320     6032      700  0.00000e+00
2026070312 2026070320     6032      750  0.00000e+00
2026070312 2026070320     6032      800  0.00000e+00
2026070312 2026070320     6032      850  0.00000e+00
2026070312 2026070320     6032      875  2.60348e-02
2026070312 2026070320     6032      900  6.93204e-01
2026070312 2026070320     6032      925  5.43010e-02
2026070312 2026070320     6032      950  0.00000e+00
2026070312 2026070320     6032      975  1.62740e-01
2026070312 2026070320     6032     1000  6.06523e-02
2026070312 2026070321     6032       50  0.00000e+00
2026070312 2026070321     6032       70  0.00000e+00
2026070312 2026070321     6032      100  0.00000e+00
2026070312 2026070321     6032      150  0.00000e+00
2026070312 2026070321     6032      200  0.00000e+00
2026070312 2026070321     6032      250  0.00000e+00
2026070312 2026070321     6032      300  0.00000e+00
2026070312 2026070321     6032      350  0.00000e+00
2026070312 2026070321     6032      400  0.00000e+00
2026070312 2026070321     6032      450  0.00000e+00
2026070312 2026070321     6032      500  0.00000e+00
2026070312 2026070321     6032      550  0.00000e+00
2026070312 2026070321     6032      600  0.00000e+00
2026070312 2026070321     6032      650  0.00000e+00
2026070312 2026070321     6032      700  0.00000e+00
2026070312 2026070321     6032      750  0.00000e+00
2026070312 2026070321     6032      800  0.00000e+00
2026070312 2026070321     6032      850  0.00000e+00
2026070312 2026070321     6032      875  3.67433e-02
2026070312 2026070321     6032      900  9.13395e-01
2026070312 2026070321     6032      925  6.89479e-02
2026070312 2026070321     6032      950  0.00000e+00
2026070312 2026070321     6032      975  5.04916e-01
2026070312 2026070321     6032     1000  2.75514e-01
2026070312 2026070322     6032       50  0.00000e+00
2026070312 2026070322     6032       70  0.00000e+00
2026070312 2026070322     6032      100  0.00000e+00
2026070312 2026070322     6032      150  0.00000e+00
2026070312 2026070322     6032      200  0.00000e+00
2026070312 2026070322     6032      250  0.00000e+00
2026070312 2026070322     6032      300  0.00000e+00
2026070312 2026070322     6032      350  0.00000e+00
2026070312 2026070322     6032      400  0.00000e+00
2026070312 2026070322     6032      450  0.00000e+00
2026070312 2026070322     6032      500  0.00000e+00
2026070312 2026070322     6032      550  0.00000e+00
2026070312 2026070322     6032      600  0.00000e+00
2026070312 2026070322     6032      650  0.00000e+00
2026070312 2026070322     6032      700  0.00000e+00
2026070312 2026070322     6032      750  0.00000e+00
2026070312 2026070322     6032      800  0.00000e+00
2026070312 2026070322     6032      850  0.00000e+00
2026070312 2026070322     6032      875  3.46771e-02
2026070312 2026070322     6032      900  4.98010e-01
2026070312 2026070322     6032      925  1.72413e-02
2026070312 2026070322     6032      950  1.76016e-01
2026070312 2026070322     6032      975  6.06057e-01
2026070312 2026070322     6032     1000  0.00000e+00
2026070312 2026070323     6032       50  0.00000e+00
2026070312 2026070323     6032       70  0.00000e+00
2026070312 2026070323     6032      100  0.00000e+00
2026070312 2026070323     6032      150  0.00000e+00
2026070312 2026070323     6032      200  0.00000e+00
2026070312 2026070323     6032      250  0.00000e+00
2026070312 2026070323     6032      300  0.00000e+00
2026070312 2026070323     6032      350  0.00000e+00
2026070312 2026070323     6032      400  0.00000e+00
2026070312 2026070323     6032      450  0.00000e+00
2026070312 2026070323     6032      500  0.00000e+00
2026070312 2026070323     6032      550  0.00000e+00
2026070312 2026070323     6032      600  0.00000e+00
2026070312 2026070323     6032      650  0.00000e+00
2026070312 2026070323     6032      700  0.00000e+00
2026070312 2026070323     6032      750  0.00000e+00
2026070312 2026070323     6032      800  0.00000e+00
2026070312 2026070323     6032      850  0.00000e+00
2026070312 2026070323     6032      875  0.00000e+00
2026070312 2026070323     6032      900  0.00000e+00
2026070312 2026070323     6032      925  8.63641e-01
2026070312 2026070323     6032      950  5.94478e-01
2026070312 2026070323     6032      975  7.80958e-02
2026070312 2026070323     6032     1000  0.00000e+00
2026070312 2026070400     6032       50  0.00000e+00
2026070312 2026070400     6032       70  0.00000e+00
2026070312 2026070400     6032      100  0.00000e+00
2026070312 2026070400     6032      150  0.00000e+00
2026070312 2026070400     6032      200  0.00000e+00
2026070312 2026070400     6032      250  0.00000e+00
2026070312 2026070400     6032      300  0.00000e+00
2026070312 2026070400     6032      350  0.00000e+00
2026070312 2026070400     6032      400  0.00000e+00
2026070312 2026070400     6032      450  0.00000e+00
2026070312 2026070400     6032      500  0.00000e+00
2026070312 2026070400     6032      550  0.00000e+00
2026070312 2026070400     6032      600  0.00000e+00
2026070312 2026070400     6032      650  0.00000e+00
2026070312 2026070400     6032      700  0.00000e+00
2026070312 2026070400     6032      750  0.00000e+00
2026070312 2026070400     6032      800  0.00000e+00
2026070312 2026070400     6032      850  0.00000e+00
2026070312 2026070400     6032      875  0.00000e+00
2026070312 2026070400     6032      900  0.00000e+00
2026070312 2026070400     6032      925  0.00000e+00
2026070312 2026070400     6032      950  0.00000e+00
2026070312 2026070400     6032      975  0.00000e+00
2026070312 2026070400     6032     1000  0.00000e+00
2026070312 2026070401     6032       50  0.00000e+00
2026070312 2026070401     6032       70  0.00000e+00
2026070312 2026070401     6032      100  0.00000e+00
2026070312 2026070401     6032      150  0.00000e+00
2026070312 2026070401     6032      200  4.54470e-01
2026070312 2026070401     6032      250  0.00000e+00
2026070312 2026070401     6032      300  0.00000e+00
2026070312 2026070401     6032      350  0.00000e+00
2026070312 2026070401     6032      400  0.00000e+00
2026070312 2026070401     6032      450  0.00000e+00
2026070312 2026070401     6032      500  0.00000e+00
2026070312 2026070401     6032      550  0.00000e+00
2026070312 2026070401     6032      600  0.00000e+00
2026070312 2026070401     6032      650  0.00000e+00
2026070312 2026070401     6032      700  0.00000e+00
2026070312 2026070401     6032      750  0.00000e+00
2026070312 2026070401     6032      800  0.00000e+00
2026070312 2026070401     6032      850  0.00000e+00
2026070312 2026070401     6032      875  0.00000e+00
2026070312 2026070401     6032      900  0.00000e+00
2026070312 2026070401     6032      925  0.00000e+00
2026070312 2026070401     6032      950  0.00000e+00
2026070312 2026070401     6032      975  0.00000e+00
2026070312 2026070401     6032     1000  0.00000e+00
2026070312 2026070402     6032       50  0.00000e+00
2026070312 2026070402     6032       70  0.00000e+00
2026070312 2026070402     6032      100  0.00000e+00
2026070312 2026070402     6032      150  0.00000e+00
2026070312 2026070402     6032      200  0.00000e+00
2026070312 2026070402     6032      250  0.00000e+00
2026070312 2026070402     6032      300  0.00000e+00
2026070312 2026070402     6032      350  0.00000e+00
2026070312 2026070402     6032      400  0.00000e+00
2026070312 2026070402     6032      450  0.00000e+00
2026070312 2026070402     6032      500  0.00000e+00
2026070312 2026070402     6032      550  0.00000e+00
2026070312 2026070402     6032      600  0.00000e+00
2026070312 2026070402     6032      650  0.00000e+00
2026070312 2026070402     6032      700  0.00000e+00
2026070312 2026070402     6032      750  0.00000e+00
2026070312 2026070402     6032      800  0.00000e+00
2026070312 2026070402     6032      850  0.00000e+00
2026070312 2026070402     6032      875  0.00000e+00
2026070312 2026070402     6032      900  0.00000e+00
2026070312 2026070402     6032      925  0.00000e+00
2026070312 2026070402     6032      950  0.00000e+00
2026070312 2026070402     6032      975  0.00000e+00
2026070312 2026070402     6032     1000  0.00000e+00
2026070312 2026070403     6032       50  0.00000e+00
2026070312 2026070403     6032       70  0.00000e+00
2026070312 2026070403     6032      100  0.00000e+00
2026070312 2026070403     6032      150  0.00000e+00
2026070312 2026070403     6032      200  0.00000e+00
2026070312 2026070403     6032      250  0.00000e+00
2026070312 2026070403     6032      300  0.00000e+00
2026070312 2026070403     6032      350  0.00000e+00
2026070312 2026070403     6032      400  0.00000e+00
2026070312 2026070403     6032      450  0.00000e+00
2026070312 2026070403     6032      500  0.00000e+00
2026070312 2026070403     6032      550  0.00000e+00
2026070312 2026070403     6032      600  0.00000e+00
2026070312 2026070403     6032      650  0.00000e+00
2026070312 2026070403     6032      700  0.00000e+00
2026070312 2026070403     6032      750  0.00000e+00
2026070312 2026070403     6032      800  0.00000e+00
2026070312 2026070403     6032      850  0.00000e+00
2026070312 2026070403     6032      875  0.00000e+00
2026070312 2026070403     6032      900  0.00000e+00
2026070312 2026070403     6032      925  0.00000e+00
2026070312 2026070403     6032      950  0.00000e+00
2026070312 2026070403     6032      975  0.00000e+00
2026070312 2026070403     6032     1000  0.00000e+00
2026070312 2026070404     6032       50  0.00000e+00
2026070312 2026070404     6032       70  0.00000e+00
2026070312 2026070404     6032      100  0.00000e+00
2026070312 2026070404     6032      150  0.00000e+00
2026070312 2026070404     6032      200  4.54670e-01
2026070312 2026070404     6032      250  0.00000e+00
2026070312 2026070404     6032      300  0.00000e+00
2026070312 2026070404     6032      350  0.00000e+00
2026070312 2026070404     6032      400  0.00000e+00
2026070312 2026070404     6032      450  0.00000e+00
2026070312 2026070404     6032      500  0.00000e+00
2026070312 2026070404     6032      550  0.00000e+00
2026070312 2026070404     6032      600  0.00000e+00
2026070312 2026070404     6032      650  0.00000e+00
2026070312 2026070404     6032      700  0.00000e+00
2026070312 2026070404     6032      750  0.00000e+00
2026070312 2026070404     6032      800  0.00000e+00
2026070312 2026070404     6032      850  0.00000e+00
2026070312 2026070404     6032      875  0.00000e+00
2026070312 2026070404     6032      900  0.00000e+00
2026070312 2026070404     6032      925  0.00000e+00
2026070312 2026070404     6032      950  0.00000e+00
2026070312 2026070404     6032      975  0.00000e+00
2026070312 2026070404     6032     1000  0.00000e+00
2026070312 2026070405     6032       50  0.00000e+00
2026070312 2026070405     6032       70  0.00000e+00
2026070312 2026070405     6032      100  0.00000e+00
2026070312 2026070405     6032      150  0.00000e+00
2026070312 2026070405     6032      200  3.86242e-02
2026070312 2026070405     6032      250  0.00000e+00
2026070312 2026070405     6032      300  0.00000e+00
2026070312 2026070405     6032      350  0.00000e+00
2026070312 2026070405     6032      400  0.00000e+00
2026070312 2026070405     6032      450  0.00000e+00
2026070312 2026070405     6032      500  0.00000e+00
2026070312 2026070405     6032      550  0.00000e+00
2026070312 2026070405     6032      600  0.00000e+00
2026070312 2026070405     6032      650  0.00000e+00
2026070312 2026070405     6032      700  0.00000e+00
2026070312 2026070405     6032      750  0.00000e+00
2026070312 2026070405     6032      800  0.00000e+00
2026070312 2026070405     6032      850  0.00000e+00
2026070312 2026070405     6032      875  0.00000e+00
2026070312 2026070405     6032      900  0.00000e+00
2026070312 2026070405     6032      925  0.00000e+00
2026070312 2026070405     6032      950  0.00000e+00
2026070312 2026070405     6032      975  0.00000e+00
2026070312 2026070405     6032     1000  0.00000e+00
2026070312 2026070406     6032       50  0.00000e+00
2026070312 2026070406     6032       70  0.00000e+00
2026070312 2026070406     6032      100  0.00000e+00
2026070312 2026070406     6032      150  0.00000e+00
2026070312 2026070406     6032      200  0.00000e+00
2026070312 2026070406     6032      250  0.00000e+00
2026070312 2026070406     6032      300  0.00000e+00
2026070312 2026070406     6032      350  0.00000e+00
2026070312 2026070406     6032      400  0.00000e+00
2026070312 2026070406     6032      450  0.00000e+00
2026070312 2026070406     6032      500  0.00000e+00
2026070312 2026070406     6032      550  0.00000e+00
2026070312 2026070406     6032      600  0.00000e+00
2026070312 2026070406     6032      650  0.00000e+00
2026070312 2026070406     6032      700  0.00000e+00
2026070312 2026070406     6032      750  0.00000e+00
2026070312 2026070406     6032      800  0.00000e+00
2026070312 2026070406     6032      850  0.00000e+00
2026070312 2026070406     6032      875  0.00000e+00
2026070312 2026070406     6032      900  0.00000e+00
2026070312 2026070406     6032      925  0.00000e+00
2026070312 2026070406     6032      950  0.00000e+00
2026070312 2026070406     6032      975  0.00000e+00
2026070312 2026070406     6032     1000  0.00000e+00
2026070312 2026070407     6032       50  0.00000e+00
2026070312 2026070407     6032       70  0.00000e+00
2026070312 2026070407     6032      100  0.00000e+00
2026070312 2026070407     6032      150  8.35027e-01
2026070312 2026070407     6032      200  0.00000e+00
2026070312 2026070407     6032      250  0.00000e+00
2026070312 2026070407     6032      300  0.00000e+00
2026070312 2026070407     6032      350  0.00000e+00
2026070312 2026070407     6032      400  0.00000e+00
2026070312 2026070407     6032      450  0.00000e+00
2026070312 2026070407     6032      500  0.00000e+00
2026070312 2026070407     6032      550  0.00000e+00
2026070312 2026070407     6032      600  0.00000e+00
2026070312 2026070407     6032      650  0.00000e+00
2026070312 2026070407     6032      700  0.00000e+00
2026070312 2026070407     6032      750  0.00000e+00
2026070312 2026070407     6032      800  0.00000e+00
2026070312 2026070407     6032      850  0.00000e+00
2026070312 2026070407     6032      875  0.00000e+00
2026070312 2026070407     6032      900  0.00000e+00
2026070312 2026070407     6032      925  0.00000e+00
2026070312 2026070407     6032      950  0.00000e+00
2026070312 2026070407     6032      975  0.00000e+00
2026070312 2026070407     6032     1000  0.00000e+00
2026070312 2026070408     6032       50  0.00000e+00
2026070312 2026070408     6032       70  0.00000e+00
2026070312 2026070408     6032      100  0.00000e+00
2026070312 2026070408     6032      150  8.35055e-01
2026070312 2026070408     6032      200  0.00000e+00
2026070312 2026070408     6032      250  0.00000e+00
2026070312 2026070408     6032      300  0.00000e+00
2026070312 2026070408     6032      350  0.00000e+00
2026070312 2026070408     6032      400  0.00000e+00
2026070312 2026070408     6032      450  0.00000e+00
2026070312 2026070408     6032      500  0.00000e+00
2026070312 2026070408     6032      550  0.00000e+00
2026070312 2026070408     6032      600  0.00000e+00
2026070312 2026070408     6032      650 -1.11022e-16
2026070312 2026070408     6032      700  0.00000e+00
2026070312 2026070408     6032      750  0.00000e+00
2026070312 2026070408     6032      800  0.00000e+00
2026070312 2026070408     6032      850  0.00000e+00
2026070312 2026070408     6032      875  0.00000e+00
2026070312 2026070408     6032      900  0.00000e+00
2026070312 2026070408     6032      925  0.00000e+00
2026070312 2026070408     6032      950  0.00000e+00
2026070312 2026070408     6032      975  0.00000e+00
2026070312 2026070408     6032     1000  0.00000e+00
2026070312 2026070409     6032       50  0.00000e+00
2026070312 2026070409     6032       70  0.00000e+00
2026070312 2026070409     6032      100  0.00000e+00
2026070312 2026070409     6032      150  0.00000e+00
2026070312 2026070409     6032      200  0.00000e+00
2026070312 2026070409     6032      250  0.00000e+00
2026070312 2026070409     6032      300  0.00000e+00
2026070312 2026070409     6032      350  0.00000e+00
2026070312 2026070409     6032      400  0.00000e+00
2026070312 2026070409     6032      450  0.00000e+00
2026070312 2026070409     6032      500  0.00000e+00
2026070312 2026070409     6032      550  0.00000e+00
2026070312 2026070409     6032      600  0.00000e+00
2026070312 2026070409     6032      650  0.00000e+00
2026070312 2026070409     6032      700  0.00000e+00
2026070312 2026070409     6032      750  0.00000e+00
2026070312 2026070409     6032      800  0.00000e+00
2026070312 2026070409     6032      850  0.00000e+00
2026070312 2026070409     6032      875  0.00000e+00
2026070312 2026070409     6032      900  0.00000e+00
2026070312 2026070409     6032      925  0.00000e+00
2026070312 2026070409     6032      950  0.00000e+00
2026070312 2026070409     6032      975  0.00000e+00
2026070312 2026070409     6032     1000  0.00000e+00
2026070312 2026070410     6032       50  0.00000e+00
2026070312 2026070410     6032       70  0.00000e+00
2026070312 2026070410     6032      100  0.00000e+00
2026070312 2026070410     6032      150  8.35056e-01
2026070312 2026070410     6032      200  0.00000e+00
2026070312 2026070410     6032      250  9.65309e-03
2026070312 2026070410     6032      300  0.00000e+00
2026070312 2026070410     6032      350  0.00000e+00
2026070312 2026070410     6032      400  0.00000e+00
2026070312 2026070410     6032      450  0.00000e+00
2026070312 2026070410     6032      500  0.00000e+00
2026070312 2026070410     6032      550  0.00000e+00
2026070312 2026070410     6032      600  0.00000e+00
2026070312 2026070410     6032      650  0.00000e+00
2026070312 2026070410     6032      700  0.00000e+00
2026070312 2026070410     6032      750  0.00000e+00
2026070312 2026070410     6032      800  0.00000e+00
2026070312 2026070410     6032      850  0.00000e+00
2026070312 2026070410     6032      875  0.00000e+00
2026070312 2026070410     6032      900  0.00000e+00
2026070312 2026070410     6032      925  0.00000e+00
2026070312 2026070410     6032      950  0.00000e+00
2026070312 2026070410     6032      975  0.00000e+00
2026070312 2026070410     6032     1000  0.00000e+00
2026070312 2026070411     6032       50  0.00000e+00
2026070312 2026070411     6032       70  0.00000e+00
2026070312 2026070411     6032      100  0.00000e+00
2026070312 2026070411     6032      150  0.00000e+00
2026070312 2026070411     6032      200  0.00000e+00
2026070312 2026070411     6032      250  0.00000e+00
2026070312 2026070411     6032      300  0.00000e+00
2026070312 2026070411     6032      350  0.00000e+00
2026070312 2026070411     6032      400  0.00000e+00
2026070312 2026070411     6032      450  0.00000e+00
2026070312 2026070411     6032      500  0.00000e+00
2026070312 2026070411     6032      550  0.00000e+00
2026070312 2026070411     6032      600  0.00000e+00
2026070312 2026070411     6032      650  0.00000e+00
2026070312 2026070411     6032      700  0.00000e+00
2026070312 2026070411     6032      750  0.00000e+00
2026070312 2026070411     6032      800  0.00000e+00
2026070312 2026070411     6032      850  0.00000e+00
2026070312 2026070411     6032      875  0.00000e+00
2026070312 2026070411     6032      900  0.00000e+00
2026070312 2026070411     6032      925  0.00000e+00
2026070312 2026070411     6032      950  0.00000e+00
2026070312 2026070411     6032      975  0.00000e+00
2026070312 2026070411     6032     1000  0.00000e+00
2026070312 2026070412     6032       50  0.00000e+00
2026070312 2026070412     6032       70  0.00000e+00
2026070312 2026070412     6032      100  0.00000e+00
2026070312 2026070412     6032      150  0.00000e+00
2026070312 2026070412     6032      200  4.78750e-01
2026070312 2026070412     6032      250  4.66850e-02
2026070312 2026070412     6032      300  0.00000e+00
2026070312 2026070412     6032      350  0.00000e+00
2026070312 2026070412     6032      400  0.00000e+00
2026070312 2026070412     6032      450  0.00000e+00
2026070312 2026070412     6032      500  0.00000e+00
2026070312 2026070412     6032      550  0.00000e+00
2026070312 2026070412     6032      600  0.00000e+00
2026070312 2026070412     6032      650  0.00000e+00
2026070312 2026070412     6032      700  0.00000e+00
2026070312 2026070412     6032      750  0.00000e+00
2026070312 2026070412     6032      800  0.00000e+00
2026070312 2026070412     6032      850  0.00000e+00
2026070312 2026070412     6032      875  0.00000e+00
2026070312 2026070412     6032      900  0.00000e+00
2026070312 2026070412     6032      925  0.00000e+00
2026070312 2026070412     6032      950  0.00000e+00
2026070312 2026070412     6032      975  0.00000e+00
2026070312 2026070412     6032     1000  0.00000e+00
2026070312 2026070413     6032       50  0.00000e+00
2026070312 2026070413     6032       70  0.00000e+00
2026070312 2026070413     6032      100  0.00000e+00
2026070312 2026070413     6032      150  0.00000e+00
2026070312 2026070413     6032      200  8.95119e-03
2026070312 2026070413     6032      250  0.00000e+00
2026070312 2026070413     6032      300  0.00000e+00
2026070312 2026070413     6032      350  0.00000e+00
2026070312 2026070413     6032      400  0.00000e+00
2026070312 2026070413     6032      450  0.00000e+00
2026070312 2026070413     6032      500  0.00000e+00
2026070312 2026070413     6032      550  0.00000e+00
2026070312 2026070413     6032      600  0.00000e+00
2026070312 2026070413     6032      650  0.00000e+00
2026070312 2026070413     6032      700  0.00000e+00
2026070312 2026070413     6032      750  0.00000e+00
2026070312 2026070413     6032      800  0.00000e+00
2026070312 2026070413     6032      850  0.00000e+00
2026070312 2026070413     6032      875  0.00000e+00
2026070312 2026070413     6032      900  0.00000e+00
2026070312 2026070413     6032      925  0.00000e+00
2026070312 2026070413     6032      950  0.00000e+00
2026070312 2026070413     6032      975  0.00000e+00
2026070312 2026070413     6032     1000  0.00000e+00
2026070312 2026070414     6032       50  0.00000e+00
2026070312 2026070414     6032       70  0.00000e+00
2026070312 2026070414     6032      100  0.00000e+00
2026070312 2026070414     6032      150  0.00000e+00
2026070312 2026070414     6032      200  5.27242e-01
2026070312 2026070414     6032      250  1.04895e-02
2026070312 2026070414     6032      300  0.00000e+00
2026070312 2026070414     6032      350  0.00000e+00
2026070312 2026070414     6032      400  0.00000e+00
2026070312 2026070414     6032      450  0.00000e+00
2026070312 2026070414     6032      500  0.00000e+00
2026070312 2026070414     6032      550  0.00000e+00
2026070312 2026070414     6032      600  0.00000e+00
2026070312 2026070414     6032      650  0.00000e+00
2026070312 2026070414     6032      700  0.00000e+00
2026070312 2026070414     6032      750  0.00000e+00
2026070312 2026070414     6032      800  0.00000e+00
2026070312 2026070414     6032      850  0.00000e+00
2026070312 2026070414     6032      875  1.27867e-01
2026070312 2026070414     6032      900  9.89488e-01
2026070312 2026070414     6032      925  2.87013e-01
2026070312 2026070414     6032      950  0.00000e+00
2026070312 2026070414     6032      975  0.00000e+00
2026070312 2026070414     6032     1000  0.00000e+00
