2026070312 2026070715     6032       50  0.00000e+00
2026070312 2026070715     6032       70  0.00000e+00
2026070312 2026070715     6032      100  0.00000e+00
2026070312 2026070715     6032      150  0.00000e+00
2026070312 2026070715     6032      200  0.00000e+00
2026070312 2026070715     6032      250  0.00000e+00
2026070312 2026070715     6032      300  0.00000e+00
2026070312 2026070715     6032      350  0.00000e+00
2026070312 2026070715     6032      400  0.00000e+00
2026070312 2026070715     6032      450  0.00000e+00
2026070312 2026070715     6032      500  0.00000e+00
2026070312 2026070715     6032      550  0.00000e+00
2026070312 2026070715     6032      600  0.00000e+00
2026070312 2026070715     6032      650  0.00000e+00
2026070312 2026070715     6032      700  0.00000e+00
2026070312 2026070715     6032      750  0.00000e+00
2026070312 2026070715     6032      800  0.00000e+00
2026070312 2026070715     6032      850  0.00000e+00
2026070312 2026070715     6032      875  0.00000e+00
2026070312 2026070715     6032      900  0.00000e+00
2026070312 2026070715     6032      925  0.00000e+00
2026070312 2026070715     6032      950  2.00647e-01
2026070312 2026070715     6032      975  6.93829e-01
2026070312 2026070715     6032     1000  0.00000e+00
2026070312 2026070716     6032       50  0.00000e+00
2026070312 2026070716     6032       70  0.00000e+00
2026070312 2026070716     6032      100  0.00000e+00
2026070312 2026070716     6032      150  0.00000e+00
2026070312 2026070716     6032      200  0.00000e+00
2026070312 2026070716     6032      250  0.00000e+00
2026070312 2026070716     6032      300  0.00000e+00
2026070312 2026070716     6032      350  0.00000e+00
2026070312 2026070716     6032      400  0.00000e+00
2026070312 2026070716     6032      450  0.00000e+00
2026070312 2026070716     6032      500  0.00000e+00
2026070312 2026070716     6032      550  0.00000e+00
2026070312 2026070716     6032      600  0.00000e+00
2026070312 2026070716     6032      650  0.00000e+00
2026070312 2026070716     6032      700  0.00000e+00
2026070312 2026070716     6032      750  0.00000e+00
2026070312 2026070716     6032      800  0.00000e+00
2026070312 2026070716     6032      850  0.00000e+00
2026070312 2026070716     6032      875  0.00000e+00
2026070312 2026070716     6032      900  0.00000e+00
2026070312 2026070716     6032      925  0.00000e+00
2026070312 2026070716     6032      950  0.00000e+00
2026070312 2026070716     6032      975  0.00000e+00
2026070312 2026070716     6032     1000  0.00000e+00
2026070312 2026070717     6032       50  0.00000e+00
2026070312 2026070717     6032       70  0.00000e+00
2026070312 2026070717     6032      100  0.00000e+00
2026070312 2026070717     6032      150  0.00000e+00
2026070312 2026070717     6032      200  0.00000e+00
2026070312 2026070717     6032      250  0.00000e+00
2026070312 2026070717     6032      300  0.00000e+00
2026070312 2026070717     6032      350  0.00000e+00
2026070312 2026070717     6032      400  0.00000e+00
2026070312 2026070717     6032      450  0.00000e+00
2026070312 2026070717     6032      500  0.00000e+00
2026070312 2026070717     6032      550  0.00000e+00
2026070312 2026070717     6032      600  0.00000e+00
2026070312 2026070717     6032      650  0.00000e+00
2026070312 2026070717     6032      700  0.00000e+00
2026070312 2026070717     6032      750  0.00000e+00
2026070312 2026070717     6032      800  0.00000e+00
2026070312 2026070717     6032      850  0.00000e+00
2026070312 2026070717     6032      875  0.00000e+00
2026070312 2026070717     6032      900  0.00000e+00
2026070312 2026070717     6032      925  0.00000e+00
2026070312 2026070717     6032      950  0.00000e+00
2026070312 2026070717     6032      975  0.00000e+00
2026070312 2026070717     6032     1000  0.00000e+00
2026070312 2026070718     6032       50  0.00000e+00
2026070312 2026070718     6032       70  0.00000e+00
2026070312 2026070718     6032      100  0.00000e+00
2026070312 2026070718     6032      150  0.00000e+00
2026070312 2026070718     6032      200  0.00000e+00
2026070312 2026070718     6032      250  0.00000e+00
2026070312 2026070718     6032      300  0.00000e+00
2026070312 2026070718     6032      350  0.00000e+00
2026070312 2026070718     6032      400  0.00000e+00
2026070312 2026070718     6032      450  0.00000e+00
2026070312 2026070718     6032      500  0.00000e+00
2026070312 2026070718     6032      550  0.00000e+00
2026070312 2026070718     6032      600  0.00000e+00
2026070312 2026070718     6032      650  0.00000e+00
2026070312 2026070718     6032      700  0.00000e+00
2026070312 2026070718     6032      750  0.00000e+00
2026070312 2026070718     6032      800  0.00000e+00
2026070312 2026070718     6032      850  0.00000e+00
2026070312 2026070718     6032      875  0.00000e+00
2026070312 2026070718     6032      900  0.00000e+00
2026070312 2026070718     6032      925  0.00000e+00
2026070312 2026070718     6032      950  0.00000e+00
2026070312 2026070718     6032      975  0.00000e+00
2026070312 2026070718     6032     1000  0.00000e+00
2026070312 2026070719     6032       50  0.00000e+00
2026070312 2026070719     6032       70  0.00000e+00
2026070312 2026070719     6032      100  0.00000e+00
2026070312 2026070719     6032      150  0.00000e+00
2026070312 2026070719     6032      200  0.00000e+00
2026070312 2026070719     6032      250  0.00000e+00
2026070312 2026070719     6032      300  0.00000e+00
2026070312 2026070719     6032      350  0.00000e+00
2026070312 2026070719     6032      400  0.00000e+00
2026070312 2026070719     6032      450  0.00000e+00
2026070312 2026070719     6032      500  0.00000e+00
2026070312 2026070719     6032      550  0.00000e+00
2026070312 2026070719     6032      600  0.00000e+00
2026070312 2026070719     6032      650  0.00000e+00
2026070312 2026070719     6032      700  0.00000e+00
2026070312 2026070719     6032      750  0.00000e+00
2026070312 2026070719     6032      800  0.00000e+00
2026070312 2026070719     6032      850  0.00000e+00
2026070312 2026070719     6032      875  0.00000e+00
2026070312 2026070719     6032      900  0.00000e+00
2026070312 2026070719     6032      925  0.00000e+00
2026070312 2026070719     6032      950  8.53719e-01
2026070312 2026070719     6032      975  4.92064e-02
2026070312 2026070719     6032     1000  0.00000e+00
2026070312 2026070720     6032       50  0.00000e+00
2026070312 2026070720     6032       70  0.00000e+00
2026070312 2026070720     6032      100  0.00000e+00
2026070312 2026070720     6032      150  0.00000e+00
2026070312 2026070720     6032      200  0.00000e+00
2026070312 2026070720     6032      250  0.00000e+00
2026070312 2026070720     6032      300  0.00000e+00
2026070312 2026070720     6032      350  0.00000e+00
2026070312 2026070720     6032      400  0.00000e+00
2026070312 2026070720     6032      450  0.00000e+00
2026070312 2026070720     6032      500  0.00000e+00
2026070312 2026070720     6032      550  0.00000e+00
2026070312 2026070720     6032      600  0.00000e+00
2026070312 2026070720     6032      650  0.00000e+00
2026070312 2026070720     6032      700  0.00000e+00
2026070312 2026070720     6032      750  0.00000e+00
2026070312 2026070720     6032      800  0.00000e+00
2026070312 2026070720     6032      850  0.00000e+00
2026070312 2026070720     6032      875  0.00000e+00
2026070312 2026070720     6032      900  0.00000e+00
2026070312 2026070720     6032      925  0.00000e+00
2026070312 2026070720     6032      950  5.28583e-01
2026070312 2026070720     6032      975  3.78371e-02
2026070312 2026070720     6032     1000  0.00000e+00
2026070312 2026070721     6032       50  0.00000e+00
2026070312 2026070721     6032       70  0.00000e+00
2026070312 2026070721     6032      100  0.00000e+00
2026070312 2026070721     6032      150  0.00000e+00
2026070312 2026070721     6032      200  0.00000e+00
2026070312 2026070721     6032      250  0.00000e+00
2026070312 2026070721     6032      300  0.00000e+00
2026070312 2026070721     6032      350  0.00000e+00
2026070312 2026070721     6032      400  0.00000e+00
2026070312 2026070721     6032      450  0.00000e+00
2026070312 2026070721     6032      500  0.00000e+00
2026070312 2026070721     6032      550  0.00000e+00
2026070312 2026070721     6032      600  0.00000e+00
2026070312 2026070721     6032      650  0.00000e+00
2026070312 2026070721     6032      700  0.00000e+00
2026070312 2026070721     6032      750  0.00000e+00
2026070312 2026070721     6032      800  0.00000e+00
2026070312 2026070721     6032      850  0.00000e+00
2026070312 2026070721     6032      875  0.00000e+00
2026070312 2026070721     6032      900  0.00000e+00
2026070312 2026070721     6032      925  0.00000e+00
2026070312 2026070721     6032      950  0.00000e+00
2026070312 2026070721     6032      975  0.00000e+00
2026070312 2026070721     6032     1000  0.00000e+00
2026070312 2026070722     6032       50  0.00000e+00
2026070312 2026070722     6032       70  0.00000e+00
2026070312 2026070722     6032      100  0.00000e+00
2026070312 2026070722     6032      150  0.00000e+00
2026070312 2026070722     6032      200  0.00000e+00
2026070312 2026070722     6032      250  0.00000e+00
2026070312 2026070722     6032      300  0.00000e+00
2026070312 2026070722     6032      350  0.00000e+00
2026070312 2026070722     6032      400  0.00000e+00
2026070312 2026070722     6032      450  0.00000e+00
2026070312 2026070722     6032      500  0.00000e+00
2026070312 2026070722     6032      550  0.00000e+00
2026070312 2026070722     6032      600  0.00000e+00
2026070312 2026070722     6032      650  0.00000e+00
2026070312 2026070722     6032      700  0.00000e+00
2026070312 2026070722     6032      750  0.00000e+00
2026070312 2026070722     6032      800  0.00000e+00
2026070312 2026070722     6032      850  0.00000e+00
2026070312 2026070722     6032      875  0.00000e+00
2026070312 2026070722     6032      900  0.00000e+00
2026070312 2026070722     6032      925  0.00000e+00
2026070312 2026070722     6032      950  7.90360e-01
2026070312 2026070722     6032      975  7.16781e-01
2026070312 2026070722     6032     1000  0.00000e+00
2026070312 2026070723     6032       50  0.00000e+00
2026070312 2026070723     6032       70  0.00000e+00
2026070312 2026070723     6032      100  0.00000e+00
2026070312 2026070723     6032      150  0.00000e+00
2026070312 2026070723     6032      200  0.00000e+00
2026070312 2026070723     6032      250  0.00000e+00
2026070312 2026070723     6032      300  0.00000e+00
2026070312 2026070723     6032      350  0.00000e+00
2026070312 2026070723     6032      400  0.00000e+00
2026070312 2026070723     6032      450  0.00000e+00
2026070312 2026070723     6032      500  0.00000e+00
2026070312 2026070723     6032      550  0.00000e+00
2026070312 2026070723     6032      600  0.00000e+00
2026070312 2026070723     6032      650  0.00000e+00
2026070312 2026070723     6032      700  0.00000e+00
2026070312 2026070723     6032      750  0.00000e+00
2026070312 2026070723     6032      800  0.00000e+00
2026070312 2026070723     6032      850  0.00000e+00
2026070312 2026070723     6032      875  0.00000e+00
2026070312 2026070723     6032      900  0.00000e+00
2026070312 2026070723     6032      925  0.00000e+00
2026070312 2026070723     6032      950  4.86914e-01
2026070312 2026070723     6032      975  7.07654e-02
2026070312 2026070723     6032     1000  0.00000e+00
2026070312 2026070800     6032       50  0.00000e+00
2026070312 2026070800     6032       70  0.00000e+00
2026070312 2026070800     6032      100  0.00000e+00
2026070312 2026070800     6032      150  0.00000e+00
2026070312 2026070800     6032      200  0.00000e+00
2026070312 2026070800     6032      250  0.00000e+00
2026070312 2026070800     6032      300  0.00000e+00
2026070312 2026070800     6032      350  0.00000e+00
2026070312 2026070800     6032      400  0.00000e+00
2026070312 2026070800     6032      450  0.00000e+00
2026070312 2026070800     6032      500  0.00000e+00
2026070312 2026070800     6032      550  0.00000e+00
2026070312 2026070800     6032      600  0.00000e+00
2026070312 2026070800     6032      650  0.00000e+00
2026070312 2026070800     6032      700  0.00000e+00
2026070312 2026070800     6032      750  0.00000e+00
2026070312 2026070800     6032      800  0.00000e+00
2026070312 2026070800     6032      850  0.00000e+00
2026070312 2026070800     6032      875  0.00000e+00
2026070312 2026070800     6032      900  0.00000e+00
2026070312 2026070800     6032      925  0.00000e+00
2026070312 2026070800     6032      950  5.87697e-02
2026070312 2026070800     6032      975  7.26973e-02
2026070312 2026070800     6032     1000  0.00000e+00
2026070312 2026070801     6032       50  0.00000e+00
2026070312 2026070801     6032       70  0.00000e+00
2026070312 2026070801     6032      100  0.00000e+00
2026070312 2026070801     6032      150  0.00000e+00
2026070312 2026070801     6032      200  0.00000e+00
2026070312 2026070801     6032      250  0.00000e+00
2026070312 2026070801     6032      300  0.00000e+00
2026070312 2026070801     6032      350  0.00000e+00
2026070312 2026070801     6032      400  0.00000e+00
2026070312 2026070801     6032      450  0.00000e+00
2026070312 2026070801     6032      500  0.00000e+00
2026070312 2026070801     6032      550  0.00000e+00
2026070312 2026070801     6032      600  0.00000e+00
2026070312 2026070801     6032      650  0.00000e+00
2026070312 2026070801     6032      700  0.00000e+00
2026070312 2026070801     6032      750  0.00000e+00
2026070312 2026070801     6032      800  0.00000e+00
2026070312 2026070801     6032      850  0.00000e+00
2026070312 2026070801     6032      875  0.00000e+00
2026070312 2026070801     6032      900  0.00000e+00
2026070312 2026070801     6032      925  0.00000e+00
2026070312 2026070801     6032      950  0.00000e+00
2026070312 2026070801     6032      975  0.00000e+00
2026070312 2026070801     6032     1000  0.00000e+00
2026070312 2026070802     6032       50  0.00000e+00
2026070312 2026070802     6032       70  0.00000e+00
2026070312 2026070802     6032      100  0.00000e+00
2026070312 2026070802     6032      150  0.00000e+00
2026070312 2026070802     6032      200  0.00000e+00
2026070312 2026070802     6032      250  0.00000e+00
2026070312 2026070802     6032      300  0.00000e+00
2026070312 2026070802     6032      350  0.00000e+00
2026070312 2026070802     6032      400  0.00000e+00
2026070312 2026070802     6032      450  0.00000e+00
2026070312 2026070802     6032      500  0.00000e+00
2026070312 2026070802     6032      550  0.00000e+00
2026070312 2026070802     6032      600  0.00000e+00
2026070312 2026070802     6032      650  0.00000e+00
2026070312 2026070802     6032      700  0.00000e+00
2026070312 2026070802     6032      750  0.00000e+00
2026070312 2026070802     6032      800  0.00000e+00
2026070312 2026070802     6032      850  0.00000e+00
2026070312 2026070802     6032      875  0.00000e+00
2026070312 2026070802     6032      900  0.00000e+00
2026070312 2026070802     6032      925  0.00000e+00
2026070312 2026070802     6032      950  0.00000e+00
2026070312 2026070802     6032      975  0.00000e+00
2026070312 2026070802     6032     1000  0.00000e+00
2026070312 2026070803     6032       50  0.00000e+00
2026070312 2026070803     6032       70  0.00000e+00
2026070312 2026070803     6032      100  0.00000e+00
2026070312 2026070803     6032      150  0.00000e+00
2026070312 2026070803     6032      200  0.00000e+00
2026070312 2026070803     6032      250  0.00000e+00
2026070312 2026070803     6032      300  0.00000e+00
2026070312 2026070803     6032      350  0.00000e+00
2026070312 2026070803     6032      400  0.00000e+00
2026070312 2026070803     6032      450  0.00000e+00
2026070312 2026070803     6032      500  0.00000e+00
2026070312 2026070803     6032      550  0.00000e+00
2026070312 2026070803     6032      600  0.00000e+00
2026070312 2026070803     6032      650  0.00000e+00
2026070312 2026070803     6032      700  0.00000e+00
2026070312 2026070803     6032      750  0.00000e+00
2026070312 2026070803     6032      800  0.00000e+00
2026070312 2026070803     6032      850  0.00000e+00
2026070312 2026070803     6032      875  6.93738e-03
2026070312 2026070803     6032      900  2.82789e-01
2026070312 2026070803     6032      925  2.96260e-02
2026070312 2026070803     6032      950  0.00000e+00
2026070312 2026070803     6032      975  0.00000e+00
2026070312 2026070803     6032     1000  0.00000e+00
2026070312 2026070804     6032       50  0.00000e+00
2026070312 2026070804     6032       70  0.00000e+00
2026070312 2026070804     6032      100  0.00000e+00
2026070312 2026070804     6032      150  0.00000e+00
2026070312 2026070804     6032      200  0.00000e+00
2026070312 2026070804     6032      250  0.00000e+00
2026070312 2026070804     6032      300  0.00000e+00
2026070312 2026070804     6032      350  0.00000e+00
2026070312 2026070804     6032      400  0.00000e+00
2026070312 2026070804     6032      450  0.00000e+00
2026070312 2026070804     6032      500  0.00000e+00
2026070312 2026070804     6032      550  0.00000e+00
2026070312 2026070804     6032      600  0.00000e+00
2026070312 2026070804     6032      650  0.00000e+00
2026070312 2026070804     6032      700  0.00000e+00
2026070312 2026070804     6032      750  0.00000e+00
2026070312 2026070804     6032      800  0.00000e+00
2026070312 2026070804     6032      850  4.30812e-01
2026070312 2026070804     6032      875  9.64946e-01
2026070312 2026070804     6032      900  9.30662e-01
2026070312 2026070804     6032      925  8.78822e-02
2026070312 2026070804     6032      950  0.00000e+00
2026070312 2026070804     6032      975  0.00000e+00
2026070312 2026070804     6032     1000  0.00000e+00
2026070312 2026070805     6032       50  0.00000e+00
2026070312 2026070805     6032       70  0.00000e+00
2026070312 2026070805     6032      100  0.00000e+00
2026070312 2026070805     6032      150  0.00000e+00
2026070312 2026070805     6032      200  0.00000e+00
2026070312 2026070805     6032      250  0.00000e+00
2026070312 2026070805     6032      300  0.00000e+00
2026070312 2026070805     6032      350  0.00000e+00
2026070312 2026070805     6032      400  0.00000e+00
2026070312 2026070805     6032      450  0.00000e+00
2026070312 2026070805     6032      500  0.00000e+00
2026070312 2026070805     6032      550  0.00000e+00
2026070312 2026070805     6032      600  0.00000e+00
2026070312 2026070805     6032      650  0.00000e+00
2026070312 2026070805     6032      700  0.00000e+00
2026070312 2026070805     6032      750  0.00000e+00
2026070312 2026070805     6032      800  0.00000e+00
2026070312 2026070805     6032      850  8.60179e-01
2026070312 2026070805     6032      875  9.82258e-01
2026070312 2026070805     6032      900  9.69632e-01
2026070312 2026070805     6032      925  6.99265e-02
2026070312 2026070805     6032      950  0.00000e+00
2026070312 2026070805     6032      975  0.00000e+00
2026070312 2026070805     6032     1000  0.00000e+00
2026070312 2026070806     6032       50  0.00000e+00
2026070312 2026070806     6032       70  0.00000e+00
2026070312 2026070806     6032      100  0.00000e+00
2026070312 2026070806     6032      150  0.00000e+00
2026070312 2026070806     6032      200  0.00000e+00
2026070312 2026070806     6032      250  0.00000e+00
2026070312 2026070806     6032      300  0.00000e+00
2026070312 2026070806     6032      350  0.00000e+00
2026070312 2026070806     6032      400  0.00000e+00
2026070312 2026070806     6032      450  0.00000e+00
2026070312 2026070806     6032      500  0.00000e+00
2026070312 2026070806     6032      550  0.00000e+00
2026070312 2026070806     6032      600  0.00000e+00
2026070312 2026070806     6032      650  0.00000e+00
2026070312 2026070806     6032      700  0.00000e+00
2026070312 2026070806     6032      750  0.00000e+00
2026070312 2026070806     6032      800  0.00000e+00
2026070312 2026070806     6032      850  9.45037e-01
2026070312 2026070806     6032      875  9.33310e-01
2026070312 2026070806     6032      900  9.89669e-01
2026070312 2026070806     6032      925  6.35934e-01
2026070312 2026070806     6032      950  0.00000e+00
2026070312 2026070806     6032      975  0.00000e+00
2026070312 2026070806     6032     1000  0.00000e+00
2026070312 2026070807     6032       50  0.00000e+00
2026070312 2026070807     6032       70  0.00000e+00
2026070312 2026070807     6032      100  0.00000e+00
2026070312 2026070807     6032      150  0.00000e+00
2026070312 2026070807     6032      200  0.00000e+00
2026070312 2026070807     6032      250  0.00000e+00
2026070312 2026070807     6032      300  0.00000e+00
2026070312 2026070807     6032      350  0.00000e+00
2026070312 2026070807     6032      400  0.00000e+00
2026070312 2026070807     6032      450  0.00000e+00
2026070312 2026070807     6032      500  0.00000e+00
2026070312 2026070807     6032      550  0.00000e+00
2026070312 2026070807     6032      600  0.00000e+00
2026070312 2026070807     6032      650  0.00000e+00
2026070312 2026070807     6032      700  0.00000e+00
2026070312 2026070807     6032      750  0.00000e+00
2026070312 2026070807     6032      800  0.00000e+00
2026070312 2026070807     6032      850  9.94711e-01
2026070312 2026070807     6032      875  9.92263e-01
2026070312 2026070807     6032      900  9.89886e-01
2026070312 2026070807     6032      925  9.44084e-01
2026070312 2026070807     6032      950  3.54340e-01
2026070312 2026070807     6032      975  0.00000e+00
2026070312 2026070807     6032     1000  0.00000e+00
2026070312 2026070808     6032       50  0.00000e+00
2026070312 2026070808     6032       70  0.00000e+00
2026070312 2026070808     6032      100  0.00000e+00
2026070312 2026070808     6032      150  0.00000e+00
2026070312 2026070808     6032      200  0.00000e+00
2026070312 2026070808     6032      250  0.00000e+00
2026070312 2026070808     6032      300  0.00000e+00
2026070312 2026070808     6032      350  0.00000e+00
2026070312 2026070808     6032      400  0.00000e+00
2026070312 2026070808     6032      450  0.00000e+00
2026070312 2026070808     6032      500  0.00000e+00
2026070312 2026070808     6032      550  0.00000e+00
2026070312 2026070808     6032      600  0.00000e+00
2026070312 2026070808     6032      650  0.00000e+00
2026070312 2026070808     6032      700  0.00000e+00
2026070312 2026070808     6032      750  0.00000e+00
2026070312 2026070808     6032      800  0.00000e+00
2026070312 2026070808     6032      850  9.93778e-01
2026070312 2026070808     6032      875  9.86103e-01
2026070312 2026070808     6032      900  9.81982e-01
2026070312 2026070808     6032      925  9.58680e-01
2026070312 2026070808     6032      950  7.14513e-01
2026070312 2026070808     6032      975  1.39883e-01
2026070312 2026070808     6032     1000  0.00000e+00
2026070312 2026070809     6032       50  0.00000e+00
2026070312 2026070809     6032       70  0.00000e+00
2026070312 2026070809     6032      100  0.00000e+00
2026070312 2026070809     6032      150  0.00000e+00
2026070312 2026070809     6032      200  0.00000e+00
2026070312 2026070809     6032      250  0.00000e+00
2026070312 2026070809     6032      300  0.00000e+00
2026070312 2026070809     6032      350  0.00000e+00
2026070312 2026070809     6032      400  0.00000e+00
2026070312 2026070809     6032      450  0.00000e+00
2026070312 2026070809     6032      500  0.00000e+00
2026070312 2026070809     6032      550  0.00000e+00
2026070312 2026070809     6032      600  0.00000e+00
2026070312 2026070809     6032      650  0.00000e+00
2026070312 2026070809     6032      700  0.00000e+00
2026070312 2026070809     6032      750  0.00000e+00
2026070312 2026070809     6032      800  0.00000e+00
2026070312 2026070809     6032      850  9.66951e-01
2026070312 2026070809     6032      875  9.04719e-01
2026070312 2026070809     6032      900  9.85787e-01
2026070312 2026070809     6032      925  9.89102e-01
2026070312 2026070809     6032      950  9.04727e-01
2026070312 2026070809     6032      975  5.60845e-01
2026070312 2026070809     6032     1000  0.00000e+00
2026070312 2026070810     6032       50  0.00000e+00
2026070312 2026070810     6032       70  0.00000e+00
2026070312 2026070810     6032      100  0.00000e+00
2026070312 2026070810     6032      150  0.00000e+00
2026070312 2026070810     6032      200  0.00000e+00
2026070312 2026070810     6032      250  0.00000e+00
2026070312 2026070810     6032      300  0.00000e+00
2026070312 2026070810     6032      350  0.00000e+00
2026070312 2026070810     6032      400  0.00000e+00
2026070312 2026070810     6032      450  0.00000e+00
2026070312 2026070810     6032      500  0.00000e+00
2026070312 2026070810     6032      550  0.00000e+00
2026070312 2026070810     6032      600  0.00000e+00
2026070312 2026070810     6032      650  0.00000e+00
2026070312 2026070810     6032      700  0.00000e+00
2026070312 2026070810     6032      750  0.00000e+00
2026070312 2026070810     6032      800  0.00000e+00
2026070312 2026070810     6032      850  8.68980e-01
2026070312 2026070810     6032      875  6.30251e-01
2026070312 2026070810     6032      900  9.42166e-01
2026070312 2026070810     6032      925  9.77478e-01
2026070312 2026070810     6032      950  8.13409e-01
2026070312 2026070810     6032      975  2.86675e-01
2026070312 2026070810     6032     1000  0.00000e+00
2026070312 2026070811     6032       50  0.00000e+00
2026070312 2026070811     6032       70  0.00000e+00
2026070312 2026070811     6032      100  0.00000e+00
2026070312 2026070811     6032      150  0.00000e+00
2026070312 2026070811     6032      200  0.00000e+00
2026070312 2026070811     6032      250  0.00000e+00
2026070312 2026070811     6032      300  0.00000e+00
2026070312 2026070811     6032      350  0.00000e+00
2026070312 2026070811     6032      400  0.00000e+00
2026070312 2026070811     6032      450  0.00000e+00
2026070312 2026070811     6032      500  0.00000e+00
2026070312 2026070811     6032      550  0.00000e+00
2026070312 2026070811     6032      600  0.00000e+00
2026070312 2026070811     6032      650  0.00000e+00
2026070312 2026070811     6032      700  0.00000e+00
2026070312 2026070811     6032      750  0.00000e+00
2026070312 2026070811     6032      800  0.00000e+00
2026070312 2026070811     6032      850  2.73220e-01
2026070312 2026070811     6032      875  9.79171e-01
2026070312 2026070811     6032      900  8.50607e-01
2026070312 2026070811     6032      925  9.59460e-01
2026070312 2026070811     6032      950  6.31944e-01
2026070312 2026070811     6032      975  3.94259e-02
2026070312 2026070811     6032     1000  0.00000e+00
2026070312 2026070812     6032       50  0.00000e+00
2026070312 2026070812     6032       70  0.00000e+00
2026070312 2026070812     6032      100  0.00000e+00
2026070312 2026070812     6032      150  0.00000e+00
2026070312 2026070812     6032      200  0.00000e+00
2026070312 2026070812     6032      250  0.00000e+00
2026070312 2026070812     6032      300  0.00000e+00
2026070312 2026070812     6032      350  0.00000e+00
2026070312 2026070812     6032      400  0.00000e+00
2026070312 2026070812     6032      450  0.00000e+00
2026070312 2026070812     6032      500  0.00000e+00
2026070312 2026070812     6032      550  0.00000e+00
2026070312 2026070812     6032      600  0.00000e+00
2026070312 2026070812     6032      650  0.00000e+00
2026070312 2026070812     6032      700  0.00000e+00
2026070312 2026070812     6032      750  0.00000e+00
2026070312 2026070812     6032      800  0.00000e+00
2026070312 2026070812     6032      850  0.00000e+00
2026070312 2026070812     6032      875  0.00000e+00
2026070312 2026070812     6032      900  0.00000e+00
2026070312 2026070812     6032      925  5.43307e-01
2026070312 2026070812     6032      950  3.31714e-02
2026070312 2026070812     6032      975  0.00000e+00
2026070312 2026070812     6032     1000  0.00000e+00
