2026070312 2026070315     6032       50  0.00000e+00
2026070312 2026070315     6032       70  0.00000e+00
2026070312 2026070315     6032      100  0.00000e+00
2026070312 2026070315     6032      150  1.00000e+00
2026070312 2026070315     6032      200  0.00000e+00
2026070312 2026070315     6032      250  0.00000e+00
2026070312 2026070315     6032      300  6.69646e-03
2026070312 2026070315     6032      350  8.12895e-01
2026070312 2026070315     6032      400  1.00000e+00
2026070312 2026070315     6032      450  1.00000e+00
2026070312 2026070315     6032      500  8.18085e-01
2026070312 2026070315     6032      550  1.37185e-01
2026070312 2026070315     6032      600  0.00000e+00
2026070312 2026070315     6032      650  0.00000e+00
2026070312 2026070315     6032      700  0.00000e+00
2026070312 2026070315     6032      750  0.00000e+00
2026070312 2026070315     6032      800  8.44298e-01
2026070312 2026070315     6032      850  9.96784e-01
2026070312 2026070315     6032      875  9.94307e-01
2026070312 2026070315     6032      900  9.15479e-01
2026070312 2026070315     6032      925  1.48456e-01
2026070312 2026070315     6032      950  0.00000e+00
2026070312 2026070315     6032      975  0.00000e+00
2026070312 2026070315     6032     1000  0.00000e+00
2026070312 2026070316     6032       50  0.00000e+00
2026070312 2026070316     6032       70  0.00000e+00
2026070312 2026070316     6032      100  0.00000e+00
2026070312 2026070316     6032      150  0.00000e+00
2026070312 2026070316     6032      200  0.00000e+00
2026070312 2026070316     6032      250  1.68452e-02
2026070312 2026070316     6032      300  1.00000e+00
2026070312 2026070316     6032      350  1.00000e+00
2026070312 2026070316     6032      400  1.00000e+00
2026070312 2026070316     6032      450  9.29273e-01
2026070312 2026070316     6032      500  5.58815e-01
2026070312 2026070316     6032      550  5.91082e-01
2026070312 2026070316     6032      600  6.71914e-01
2026070312 2026070316     6032      650  0.00000e+00
2026070312 2026070316     6032      700  0.00000e+00
2026070312 2026070316     6032      750  0.00000e+00
2026070312 2026070316     6032      800  0.00000e+00
2026070312 2026070316     6032      850  0.00000e+00
2026070312 2026070316     6032      875  0.00000e+00
2026070312 2026070316     6032      900  6.47426e-01
2026070312 2026070316     6032      925  9.20797e-01
2026070312 2026070316     6032      950  6.47970e-01
2026070312 2026070316     6032      975  0.00000e+00
2026070312 2026070316     6032     1000  0.00000e+00
2026070312 2026070317     6032       50  0.00000e+00
2026070312 2026070317     6032       70  0.00000e+00
2026070312 2026070317     6032      100  0.00000e+00
2026070312 2026070317     6032      150  0.00000e+00
2026070312 2026070317     6032      200  0.00000e+00
2026070312 2026070317     6032      250  8.69012e-03
2026070312 2026070317     6032      300  6.26335e-01
2026070312 2026070317     6032      350  1.00000e+00
2026070312 2026070317     6032      400  1.00000e+00
2026070312 2026070317     6032      450  1.00000e+00
2026070312 2026070317     6032      500  8.99179e-01
2026070312 2026070317     6032      550  4.03204e-01
2026070312 2026070317     6032      600  0.00000e+00
2026070312 2026070317     6032      650 -1.11022e-16
2026070312 2026070317     6032      700  0.00000e+00
2026070312 2026070317     6032      750  0.00000e+00
2026070312 2026070317     6032      800  0.00000e+00
2026070312 2026070317     6032      850  1.75137e-01
2026070312 2026070317     6032      875  7.72288e-01
2026070312 2026070317     6032      900  6.53098e-01
2026070312 2026070317     6032      925  9.15713e-01
2026070312 2026070317     6032      950  7.20395e-01
2026070312 2026070317     6032      975  0.00000e+00
2026070312 2026070317     6032     1000  0.00000e+00
2026070312 2026070318     6032       50  0.00000e+00
2026070312 2026070318     6032       70  0.00000e+00
2026070312 2026070318     6032      100  0.00000e+00
2026070312 2026070318     6032      150  0.00000e+00
2026070312 2026070318     6032      200  0.00000e+00
2026070312 2026070318     6032      250  0.00000e+00
2026070312 2026070318     6032      300  1.00000e+00
2026070312 2026070318     6032      350  1.00000e+00
2026070312 2026070318     6032      400  1.00000e+00
2026070312 2026070318     6032      450  1.00000e+00
2026070312 2026070318     6032      500  8.55344e-01
2026070312 2026070318     6032      550  2.65873e-01
2026070312 2026070318     6032      600  0.00000e+00
2026070312 2026070318     6032      650  0.00000e+00
2026070312 2026070318     6032      700  0.00000e+00
2026070312 2026070318     6032      750  0.00000e+00
2026070312 2026070318     6032      800  0.00000e+00
2026070312 2026070318     6032      850  0.00000e+00
2026070312 2026070318     6032      875  0.00000e+00
2026070312 2026070318     6032      900  7.63276e-01
2026070312 2026070318     6032      925  8.53150e-01
2026070312 2026070318     6032      950  8.45623e-01
2026070312 2026070318     6032      975  9.05801e-01
2026070312 2026070318     6032     1000  2.45859e-01
2026070312 2026070319     6032       50  0.00000e+00
2026070312 2026070319     6032       70  0.00000e+00
2026070312 2026070319     6032      100  0.00000e+00
2026070312 2026070319     6032      150  0.00000e+00
2026070312 2026070319     6032      200  0.00000e+00
2026070312 2026070319     6032      250  2.44188e-01
2026070312 2026070319     6032      300  1.00000e+00
2026070312 2026070319     6032      350  1.00000e+00
2026070312 2026070319     6032      400  1.00000e+00
2026070312 2026070319     6032      450  1.00000e+00
2026070312 2026070319     6032      500  7.88036e-01
2026070312 2026070319     6032      550  5.55097e-02
2026070312 2026070319     6032      600  0.00000e+00
2026070312 2026070319     6032      650  0.00000e+00
2026070312 2026070319     6032      700  0.00000e+00
2026070312 2026070319     6032      750  0.00000e+00
2026070312 2026070319     6032      800  0.00000e+00
2026070312 2026070319     6032      850  0.00000e+00
2026070312 2026070319     6032      875  5.00602e-03
2026070312 2026070319     6032      900  8.47665e-01
2026070312 2026070319     6032      925  7.82029e-01
2026070312 2026070319     6032      950  9.14348e-01
2026070312 2026070319     6032      975  8.97899e-01
2026070312 2026070319     6032     1000  2.00084e-01
2026070312 2026070320     6032       50  0.00000e+00
2026070312 2026070320     6032       70  0.00000e+00
2026070312 2026070320     6032      100  0.00000e+00
2026070312 2026070320     6032      150  0.00000e+00
2026070312 2026070320     6032      200  0.00000e+00
2026070312 2026070320     6032      250  0.00000e+00
2026070312 2026070320     6032      300  1.00000e+00
2026070312 2026070320     6032      350  1.00000e+00
2026070312 2026070320     6032      400  1.00000e+00
2026070312 2026070320     6032      450  1.00000e+00
2026070312 2026070320     6032      500  7.91193e-01
2026070312 2026070320     6032      550  6.20233e-02
2026070312 2026070320     6032      600  0.00000e+00
2026070312 2026070320     6032      650  0.00000e+00
2026070312 2026070320     6032      700  0.00000e+00
2026070312 2026070320     6032      750  0.00000e+00
2026070312 2026070320     6032      800  0.00000e+00
2026070312 2026070320     6032      850  0.00000e+00
2026070312 2026070320     6032      875  0.00000e+00
2026070312 2026070320     6032      900  5.69803e-01
2026070312 2026070320     6032      925  7.49900e-02
2026070312 2026070320     6032      950  9.35070e-01
2026070312 2026070320     6032      975  9.29766e-01
2026070312 2026070320     6032     1000  5.43343e-01
2026070312 2026070321     6032       50  0.00000e+00
2026070312 2026070321     6032       70  0.00000e+00
2026070312 2026070321     6032      100  0.00000e+00
2026070312 2026070321     6032      150  0.00000e+00
2026070312 2026070321     6032      200  0.00000e+00
2026070312 2026070321     6032      250  0.00000e+00
2026070312 2026070321     6032      300  1.00000e+00
2026070312 2026070321     6032      350  1.00000e+00
2026070312 2026070321     6032      400  1.00000e+00
2026070312 2026070321     6032      450  1.00000e+00
2026070312 2026070321     6032      500  1.00000e+00
2026070312 2026070321     6032      550  7.22147e-01
2026070312 2026070321     6032      600  0.00000e+00
2026070312 2026070321     6032      650  0.00000e+00
2026070312 2026070321     6032      700  0.00000e+00
2026070312 2026070321     6032      750  0.00000e+00
2026070312 2026070321     6032      800  0.00000e+00
2026070312 2026070321     6032      850  0.00000e+00
2026070312 2026070321     6032      875  0.00000e+00
2026070312 2026070321     6032      900  0.00000e+00
2026070312 2026070321     6032      925  0.00000e+00
2026070312 2026070321     6032      950  8.48797e-01
2026070312 2026070321     6032      975  4.10286e-01
2026070312 2026070321     6032     1000  2.14215e-01
2026070312 2026070322     6032       50  0.00000e+00
2026070312 2026070322     6032       70  0.00000e+00
2026070312 2026070322     6032      100  0.00000e+00
2026070312 2026070322     6032      150  0.00000e+00
2026070312 2026070322     6032      200  0.00000e+00
2026070312 2026070322     6032      250  0.00000e+00
2026070312 2026070322     6032      300  3.62127e-01
2026070312 2026070322     6032      350  1.00000e+00
2026070312 2026070322     6032      400  1.00000e+00
2026070312 2026070322     6032      450  1.00000e+00
2026070312 2026070322     6032      500  7.98902e-01
2026070312 2026070322     6032      550  9.48339e-02
2026070312 2026070322     6032      600  0.00000e+00
2026070312 2026070322     6032      650  0.00000e+00
2026070312 2026070322     6032      700  0.00000e+00
2026070312 2026070322     6032      750  0.00000e+00
2026070312 2026070322     6032      800  0.00000e+00
2026070312 2026070322     6032      850  0.00000e+00
2026070312 2026070322     6032      875  0.00000e+00
2026070312 2026070322     6032      900  0.00000e+00
2026070312 2026070322     6032      925  0.00000e+00
2026070312 2026070322     6032      950  1.45228e-01
2026070312 2026070322     6032      975  8.76885e-01
2026070312 2026070322     6032     1000  0.00000e+00
2026070312 2026070323     6032       50  0.00000e+00
2026070312 2026070323     6032       70  0.00000e+00
2026070312 2026070323     6032      100  0.00000e+00
2026070312 2026070323     6032      150  0.00000e+00
2026070312 2026070323     6032      200  0.00000e+00
2026070312 2026070323     6032      250  0.00000e+00
2026070312 2026070323     6032      300  4.50860e-02
2026070312 2026070323     6032      350  8.34381e-01
2026070312 2026070323     6032      400  1.00000e+00
2026070312 2026070323     6032      450  8.64399e-01
2026070312 2026070323     6032      500  1.89818e-01
2026070312 2026070323     6032      550  3.00351e-02
2026070312 2026070323     6032      600  0.00000e+00
2026070312 2026070323     6032      650  0.00000e+00
2026070312 2026070323     6032      700  0.00000e+00
2026070312 2026070323     6032      750  0.00000e+00
2026070312 2026070323     6032      800  0.00000e+00
2026070312 2026070323     6032      850  0.00000e+00
2026070312 2026070323     6032      875  0.00000e+00
2026070312 2026070323     6032      900  0.00000e+00
2026070312 2026070323     6032      925  0.00000e+00
2026070312 2026070323     6032      950  0.00000e+00
2026070312 2026070323     6032      975  0.00000e+00
2026070312 2026070323     6032     1000  0.00000e+00
2026070312 2026070400     6032       50  0.00000e+00
2026070312 2026070400     6032       70  0.00000e+00
2026070312 2026070400     6032      100  0.00000e+00
2026070312 2026070400     6032      150  0.00000e+00
2026070312 2026070400     6032      200  0.00000e+00
2026070312 2026070400     6032      250  0.00000e+00
2026070312 2026070400     6032      300  6.45816e-03
2026070312 2026070400     6032      350  8.13055e-01
2026070312 2026070400     6032      400  1.00000e+00
2026070312 2026070400     6032      450  8.41110e-01
2026070312 2026070400     6032      500  6.68967e-02
2026070312 2026070400     6032      550  0.00000e+00
2026070312 2026070400     6032      600  0.00000e+00
2026070312 2026070400     6032      650  0.00000e+00
2026070312 2026070400     6032      700  0.00000e+00
2026070312 2026070400     6032      750  0.00000e+00
2026070312 2026070400     6032      800  0.00000e+00
2026070312 2026070400     6032      850  0.00000e+00
2026070312 2026070400     6032      875  0.00000e+00
2026070312 2026070400     6032      900  0.00000e+00
2026070312 2026070400     6032      925  0.00000e+00
2026070312 2026070400     6032      950  0.00000e+00
2026070312 2026070400     6032      975  5.56206e-01
2026070312 2026070400     6032     1000  0.00000e+00
2026070312 2026070401     6032       50  0.00000e+00
2026070312 2026070401     6032       70  0.00000e+00
2026070312 2026070401     6032      100  0.00000e+00
2026070312 2026070401     6032      150  0.00000e+00
2026070312 2026070401     6032      200  0.00000e+00
2026070312 2026070401     6032      250  0.00000e+00
2026070312 2026070401     6032      300  1.90535e-02
2026070312 2026070401     6032      350  8.19936e-01
2026070312 2026070401     6032      400  1.00000e+00
2026070312 2026070401     6032      450  8.28830e-01
2026070312 2026070401     6032      500  1.88407e-02
2026070312 2026070401     6032      550  0.00000e+00
2026070312 2026070401     6032      600  0.00000e+00
2026070312 2026070401     6032      650  0.00000e+00
2026070312 2026070401     6032      700  0.00000e+00
2026070312 2026070401     6032      750  0.00000e+00
2026070312 2026070401     6032      800  0.00000e+00
2026070312 2026070401     6032      850  0.00000e+00
2026070312 2026070401     6032      875  0.00000e+00
2026070312 2026070401     6032      900  0.00000e+00
2026070312 2026070401     6032      925  0.00000e+00
2026070312 2026070401     6032      950  0.00000e+00
2026070312 2026070401     6032      975  0.00000e+00
2026070312 2026070401     6032     1000  0.00000e+00
2026070312 2026070402     6032       50  0.00000e+00
2026070312 2026070402     6032       70  0.00000e+00
2026070312 2026070402     6032      100  0.00000e+00
2026070312 2026070402     6032      150  0.00000e+00
2026070312 2026070402     6032      200  0.00000e+00
2026070312 2026070402     6032      250  1.91430e-02
2026070312 2026070402     6032      300  1.00000e+00
2026070312 2026070402     6032      350  1.00000e+00
2026070312 2026070402     6032      400  9.82840e-02
2026070312 2026070402     6032      450  9.09722e-03
2026070312 2026070402     6032      500  0.00000e+00
2026070312 2026070402     6032      550  0.00000e+00
2026070312 2026070402     6032      600  0.00000e+00
2026070312 2026070402     6032      650  0.00000e+00
2026070312 2026070402     6032      700  0.00000e+00
2026070312 2026070402     6032      750  0.00000e+00
2026070312 2026070402     6032      800  0.00000e+00
2026070312 2026070402     6032      850  0.00000e+00
2026070312 2026070402     6032      875  0.00000e+00
2026070312 2026070402     6032      900  0.00000e+00
2026070312 2026070402     6032      925  0.00000e+00
2026070312 2026070402     6032      950  0.00000e+00
2026070312 2026070402     6032      975  5.13066e-01
2026070312 2026070402     6032     1000  2.57061e-01
2026070312 2026070403     6032       50  0.00000e+00
2026070312 2026070403     6032       70  0.00000e+00
2026070312 2026070403     6032      100  0.00000e+00
2026070312 2026070403     6032      150  8.34940e-01
2026070312 2026070403     6032      200  0.00000e+00
2026070312 2026070403     6032      250  0.00000e+00
2026070312 2026070403     6032      300  0.00000e+00
2026070312 2026070403     6032      350  0.00000e+00
2026070312 2026070403     6032      400  0.00000e+00
2026070312 2026070403     6032      450  0.00000e+00
2026070312 2026070403     6032      500  2.24039e-01
2026070312 2026070403     6032      550  7.08967e-01
2026070312 2026070403     6032      600  0.00000e+00
2026070312 2026070403     6032      650  0.00000e+00
2026070312 2026070403     6032      700  0.00000e+00
2026070312 2026070403     6032      750  0.00000e+00
2026070312 2026070403     6032      800  0.00000e+00
2026070312 2026070403     6032      850  0.00000e+00
2026070312 2026070403     6032      875  0.00000e+00
2026070312 2026070403     6032      900  0.00000e+00
2026070312 2026070403     6032      925  0.00000e+00
2026070312 2026070403     6032      950  0.00000e+00
2026070312 2026070403     6032      975  6.84630e-01
2026070312 2026070403     6032     1000  6.96850e-01
2026070312 2026070404     6032       50  0.00000e+00
2026070312 2026070404     6032       70  0.00000e+00
2026070312 2026070404     6032      100  0.00000e+00
2026070312 2026070404     6032      150  0.00000e+00
2026070312 2026070404     6032      200  0.00000e+00
2026070312 2026070404     6032      250  0.00000e+00
2026070312 2026070404     6032      300  0.00000e+00
2026070312 2026070404     6032      350  0.00000e+00
2026070312 2026070404     6032      400  0.00000e+00
2026070312 2026070404     6032      450  0.00000e+00
2026070312 2026070404     6032      500  0.00000e+00
2026070312 2026070404     6032      550  0.00000e+00
2026070312 2026070404     6032      600  0.00000e+00
2026070312 2026070404     6032      650  0.00000e+00
2026070312 2026070404     6032      700  0.00000e+00
2026070312 2026070404     6032      750  0.00000e+00
2026070312 2026070404     6032      800  0.00000e+00
2026070312 2026070404     6032      850  0.00000e+00
2026070312 2026070404     6032      875  0.00000e+00
2026070312 2026070404     6032      900  0.00000e+00
2026070312 2026070404     6032      925  0.00000e+00
2026070312 2026070404     6032      950  0.00000e+00
2026070312 2026070404     6032      975  0.00000e+00
2026070312 2026070404     6032     1000  0.00000e+00
2026070312 2026070405     6032       50  0.00000e+00
2026070312 2026070405     6032       70  0.00000e+00
2026070312 2026070405     6032      100  0.00000e+00
2026070312 2026070405     6032      150  0.00000e+00
2026070312 2026070405     6032      200  0.00000e+00
2026070312 2026070405     6032      250  0.00000e+00
2026070312 2026070405     6032      300  0.00000e+00
2026070312 2026070405     6032      350  0.00000e+00
2026070312 2026070405     6032      400  6.61818e-02
2026070312 2026070405     6032      450  1.00000e+00
2026070312 2026070405     6032      500  9.99750e-01
2026070312 2026070405     6032      550  9.98862e-01
2026070312 2026070405     6032      600  9.78098e-01
2026070312 2026070405     6032      650  5.54208e-01
2026070312 2026070405     6032      700  0.00000e+00
2026070312 2026070405     6032      750  0.00000e+00
2026070312 2026070405     6032      800  0.00000e+00
2026070312 2026070405     6032      850  0.00000e+00
2026070312 2026070405     6032      875  0.00000e+00
2026070312 2026070405     6032      900  0.00000e+00
2026070312 2026070405     6032      925  0.00000e+00
2026070312 2026070405     6032      950  0.00000e+00
2026070312 2026070405     6032      975  0.00000e+00
2026070312 2026070405     6032     1000  0.00000e+00
2026070312 2026070406     6032       50  0.00000e+00
2026070312 2026070406     6032       70  0.00000e+00
2026070312 2026070406     6032      100  0.00000e+00
2026070312 2026070406     6032      150  0.00000e+00
2026070312 2026070406     6032      200  5.19731e-01
2026070312 2026070406     6032      250  0.00000e+00
2026070312 2026070406     6032      300  0.00000e+00
2026070312 2026070406     6032      350  0.00000e+00
2026070312 2026070406     6032      400  1.67639e-02
2026070312 2026070406     6032      450  3.83085e-01
2026070312 2026070406     6032      500  1.00000e+00
2026070312 2026070406     6032      550  9.88958e-01
2026070312 2026070406     6032      600  6.35157e-01
2026070312 2026070406     6032      650  0.00000e+00
2026070312 2026070406     6032      700  0.00000e+00
2026070312 2026070406     6032      750  0.00000e+00
2026070312 2026070406     6032      800  0.00000e+00
2026070312 2026070406     6032      850  0.00000e+00
2026070312 2026070406     6032      875  0.00000e+00
2026070312 2026070406     6032      900  0.00000e+00
2026070312 2026070406     6032      925  0.00000e+00
2026070312 2026070406     6032      950  0.00000e+00
2026070312 2026070406     6032      975  0.00000e+00
2026070312 2026070406     6032     1000  0.00000e+00
2026070312 2026070407     6032       50  0.00000e+00
2026070312 2026070407     6032       70  0.00000e+00
2026070312 2026070407     6032      100  0.00000e+00
2026070312 2026070407     6032      150  0.00000e+00
2026070312 2026070407     6032      200  0.00000e+00
2026070312 2026070407     6032      250  0.00000e+00
2026070312 2026070407     6032      300  0.00000e+00
2026070312 2026070407     6032      350  0.00000e+00
2026070312 2026070407     6032      400  8.28815e-03
2026070312 2026070407     6032      450  2.81682e-01
2026070312 2026070407     6032      500  1.00000e+00
2026070312 2026070407     6032      550  9.99683e-01
2026070312 2026070407     6032      600  7.22169e-01
2026070312 2026070407     6032      650  1.04288e-01
2026070312 2026070407     6032      700  0.00000e+00
2026070312 2026070407     6032      750  0.00000e+00
2026070312 2026070407     6032      800  0.00000e+00
2026070312 2026070407     6032      850  0.00000e+00
2026070312 2026070407     6032      875  0.00000e+00
2026070312 2026070407     6032      900  0.00000e+00
2026070312 2026070407     6032      925  0.00000e+00
2026070312 2026070407     6032      950  0.00000e+00
2026070312 2026070407     6032      975  0.00000e+00
2026070312 2026070407     6032     1000  0.00000e+00
2026070312 2026070408     6032       50  0.00000e+00
2026070312 2026070408     6032       70  0.00000e+00
2026070312 2026070408     6032      100  0.00000e+00
2026070312 2026070408     6032      150  0.00000e+00
2026070312 2026070408     6032      200  0.00000e+00
2026070312 2026070408     6032      250  0.00000e+00
2026070312 2026070408     6032      300  0.00000e+00
2026070312 2026070408     6032      350  0.00000e+00
2026070312 2026070408     6032      400  0.00000e+00
2026070312 2026070408     6032      450  1.78329e-01
2026070312 2026070408     6032      500  1.00000e+00
2026070312 2026070408     6032      550  8.26006e-01
2026070312 2026070408     6032      600  2.49787e-01
2026070312 2026070408     6032      650 -1.11022e-16
2026070312 2026070408     6032      700  0.00000e+00
2026070312 2026070408     6032      750  0.00000e+00
2026070312 2026070408     6032      800  0.00000e+00
2026070312 2026070408     6032      850  0.00000e+00
2026070312 2026070408     6032      875  0.00000e+00
2026070312 2026070408     6032      900  0.00000e+00
2026070312 2026070408     6032      925  0.00000e+00
2026070312 2026070408     6032      950  0.00000e+00
2026070312 2026070408     6032      975  0.00000e+00
2026070312 2026070408     6032     1000  0.00000e+00
2026070312 2026070409     6032       50  0.00000e+00
2026070312 2026070409     6032       70  0.00000e+00
2026070312 2026070409     6032      100  0.00000e+00
2026070312 2026070409     6032      150  4.21301e-02
2026070312 2026070409     6032      200  8.24604e-01
2026070312 2026070409     6032      250  7.71578e-01
2026070312 2026070409     6032      300  7.58626e-01
2026070312 2026070409     6032      350  6.84134e-01
2026070312 2026070409     6032      400  5.84658e-01
2026070312 2026070409     6032      450  4.35253e-01
2026070312 2026070409     6032      500  4.44486e-01
2026070312 2026070409     6032      550  4.48857e-01
2026070312 2026070409     6032      600  1.19973e-02
2026070312 2026070409     6032      650  0.00000e+00
2026070312 2026070409     6032      700  2.28316e-01
2026070312 2026070409     6032      750  1.53242e-01
2026070312 2026070409     6032      800  0.00000e+00
2026070312 2026070409     6032      850  0.00000e+00
2026070312 2026070409     6032      875  0.00000e+00
2026070312 2026070409     6032      900  0.00000e+00
2026070312 2026070409     6032      925  0.00000e+00
2026070312 2026070409     6032      950  0.00000e+00
2026070312 2026070409     6032      975  0.00000e+00
2026070312 2026070409     6032     1000  0.00000e+00
2026070312 2026070410     6032       50  0.00000e+00
2026070312 2026070410     6032       70  0.00000e+00
2026070312 2026070410     6032      100  0.00000e+00
2026070312 2026070410     6032      150  0.00000e+00
2026070312 2026070410     6032      200  0.00000e+00
2026070312 2026070410     6032      250  0.00000e+00
2026070312 2026070410     6032      300  6.62378e-02
2026070312 2026070410     6032      350  8.46409e-01
2026070312 2026070410     6032      400  1.00000e+00
2026070312 2026070410     6032      450  1.00000e+00
2026070312 2026070410     6032      500  1.00000e+00
2026070312 2026070410     6032      550  9.20693e-01
2026070312 2026070410     6032      600  4.74600e-01
2026070312 2026070410     6032      650  0.00000e+00
2026070312 2026070410     6032      700  0.00000e+00
2026070312 2026070410     6032      750  0.00000e+00
2026070312 2026070410     6032      800  0.00000e+00
2026070312 2026070410     6032      850  0.00000e+00
2026070312 2026070410     6032      875  0.00000e+00
2026070312 2026070410     6032      900  0.00000e+00
2026070312 2026070410     6032      925  0.00000e+00
2026070312 2026070410     6032      950  0.00000e+00
2026070312 2026070410     6032      975  0.00000e+00
2026070312 2026070410     6032     1000  4.39695e-01
2026070312 2026070411     6032       50  0.00000e+00
2026070312 2026070411     6032       70  0.00000e+00
2026070312 2026070411     6032      100  0.00000e+00
2026070312 2026070411     6032      150  0.00000e+00
2026070312 2026070411     6032      200  0.00000e+00
2026070312 2026070411     6032      250  0.00000e+00
2026070312 2026070411     6032      300  0.00000e+00
2026070312 2026070411     6032      350  0.00000e+00
2026070312 2026070411     6032      400  7.60077e-02
2026070312 2026070411     6032      450  1.00000e+00
2026070312 2026070411     6032      500  9.99729e-01
2026070312 2026070411     6032      550  9.97379e-01
2026070312 2026070411     6032      600  6.59808e-01
2026070312 2026070411     6032      650  0.00000e+00
2026070312 2026070411     6032      700  0.00000e+00
2026070312 2026070411     6032      750  0.00000e+00
2026070312 2026070411     6032      800  0.00000e+00
2026070312 2026070411     6032      850  0.00000e+00
2026070312 2026070411     6032      875  0.00000e+00
2026070312 2026070411     6032      900  0.00000e+00
2026070312 2026070411     6032      925  0.00000e+00
2026070312 2026070411     6032      950  0.00000e+00
2026070312 2026070411     6032      975  0.00000e+00
2026070312 2026070411     6032     1000  0.00000e+00
2026070312 2026070412     6032       50  0.00000e+00
2026070312 2026070412     6032       70  0.00000e+00
2026070312 2026070412     6032      100  0.00000e+00
2026070312 2026070412     6032      150  0.00000e+00
2026070312 2026070412     6032      200  0.00000e+00
2026070312 2026070412     6032      250  0.00000e+00
2026070312 2026070412     6032      300  0.00000e+00
2026070312 2026070412     6032      350  0.00000e+00
2026070312 2026070412     6032      400  1.80610e-02
2026070312 2026070412     6032      450  4.07891e-01
2026070312 2026070412     6032      500  9.99703e-01
2026070312 2026070412     6032      550  8.21560e-01
2026070312 2026070412     6032      600  2.39734e-01
2026070312 2026070412     6032      650  0.00000e+00
2026070312 2026070412     6032      700  0.00000e+00
2026070312 2026070412     6032      750  0.00000e+00
2026070312 2026070412     6032      800  0.00000e+00
2026070312 2026070412     6032      850  0.00000e+00
2026070312 2026070412     6032      875  0.00000e+00
2026070312 2026070412     6032      900  0.00000e+00
2026070312 2026070412     6032      925  0.00000e+00
2026070312 2026070412     6032      950  0.00000e+00
2026070312 2026070412     6032      975  0.00000e+00
2026070312 2026070412     6032     1000  0.00000e+00
2026070312 2026070413     6032       50  0.00000e+00
2026070312 2026070413     6032       70  0.00000e+00
2026070312 2026070413     6032      100  0.00000e+00
2026070312 2026070413     6032      150  0.00000e+00
2026070312 2026070413     6032      200  0.00000e+00
2026070312 2026070413     6032      250  0.00000e+00
2026070312 2026070413     6032      300  0.00000e+00
2026070312 2026070413     6032      350  0.00000e+00
2026070312 2026070413     6032      400  0.00000e+00
2026070312 2026070413     6032      450  3.05521e-03
2026070312 2026070413     6032      500  2.44455e-01
2026070312 2026070413     6032      550  7.20825e-01
2026070312 2026070413     6032      600  0.00000e+00
2026070312 2026070413     6032      650  0.00000e+00
2026070312 2026070413     6032      700  0.00000e+00
2026070312 2026070413     6032      750  0.00000e+00
2026070312 2026070413     6032      800  0.00000e+00
2026070312 2026070413     6032      850  0.00000e+00
2026070312 2026070413     6032      875  0.00000e+00
2026070312 2026070413     6032      900  0.00000e+00
2026070312 2026070413     6032      925  0.00000e+00
2026070312 2026070413     6032      950  0.00000e+00
2026070312 2026070413     6032      975  0.00000e+00
2026070312 2026070413     6032     1000  0.00000e+00
2026070312 2026070414     6032       50  0.00000e+00
2026070312 2026070414     6032       70  0.00000e+00
2026070312 2026070414     6032      100  0.00000e+00
2026070312 2026070414     6032      150  0.00000e+00
2026070312 2026070414     6032      200  0.00000e+00
2026070312 2026070414     6032      250  0.00000e+00
2026070312 2026070414     6032      300  0.00000e+00
2026070312 2026070414     6032      350  0.00000e+00
2026070312 2026070414     6032      400  6.50910e-02
2026070312 2026070414     6032      450  1.00000e+00
2026070312 2026070414     6032      500  7.69121e-01
2026070312 2026070414     6032      550  0.00000e+00
2026070312 2026070414     6032      600  0.00000e+00
2026070312 2026070414     6032      650  0.00000e+00
2026070312 2026070414     6032      700  0.00000e+00
2026070312 2026070414     6032      750  0.00000e+00
2026070312 2026070414     6032      800  0.00000e+00
2026070312 2026070414     6032      850  0.00000e+00
2026070312 2026070414     6032      875  0.00000e+00
2026070312 2026070414     6032      900  0.00000e+00
2026070312 2026070414     6032      925  0.00000e+00
2026070312 2026070414     6032      950  0.00000e+00
2026070312 2026070414     6032      975  0.00000e+00
2026070312 2026070414     6032     1000  0.00000e+00
2026070312 2026070415     6032       50  0.00000e+00
2026070312 2026070415     6032       70  0.00000e+00
2026070312 2026070415     6032      100  0.00000e+00
2026070312 2026070415     6032      150  0.00000e+00
2026070312 2026070415     6032      200  0.00000e+00
2026070312 2026070415     6032      250  0.00000e+00
2026070312 2026070415     6032      300  0.00000e+00
2026070312 2026070415     6032      350  2.93145e-02
2026070312 2026070415     6032      400  1.76060e-01
2026070312 2026070415     6032      450  1.00000e+00
2026070312 2026070415     6032      500  1.00000e+00
2026070312 2026070415     6032      550  7.20813e-01
2026070312 2026070415     6032      600  0.00000e+00
2026070312 2026070415     6032      650  0.00000e+00
2026070312 2026070415     6032      700  0.00000e+00
2026070312 2026070415     6032      750  0.00000e+00
2026070312 2026070415     6032      800  0.00000e+00
2026070312 2026070415     6032      850  0.00000e+00
2026070312 2026070415     6032      875  0.00000e+00
2026070312 2026070415     6032      900  0.00000e+00
2026070312 2026070415     6032      925  8.86404e-01
2026070312 2026070415     6032      950  9.91962e-01
2026070312 2026070415     6032      975  5.57890e-01
2026070312 2026070415     6032     1000  0.00000e+00
2026070312 2026070416     6032       50  0.00000e+00
2026070312 2026070416     6032       70  0.00000e+00
2026070312 2026070416     6032      100  0.00000e+00
2026070312 2026070416     6032      150  0.00000e+00
2026070312 2026070416     6032      200  0.00000e+00
2026070312 2026070416     6032      250  0.00000e+00
2026070312 2026070416     6032      300  1.00000e+00
2026070312 2026070416     6032      350  3.12051e-01
2026070312 2026070416     6032      400  1.19812e-01
2026070312 2026070416     6032      450  2.86468e-01
2026070312 2026070416     6032      500  1.00000e+00
2026070312 2026070416     6032      550  9.96205e-01
2026070312 2026070416     6032      600  8.63085e-01
2026070312 2026070416     6032      650  3.65692e-01
2026070312 2026070416     6032      700  0.00000e+00
2026070312 2026070416     6032      750  0.00000e+00
2026070312 2026070416     6032      800  0.00000e+00
2026070312 2026070416     6032      850  0.00000e+00
2026070312 2026070416     6032      875  0.00000e+00
2026070312 2026070416     6032      900  0.00000e+00
2026070312 2026070416     6032      925  0.00000e+00
2026070312 2026070416     6032      950  0.00000e+00
2026070312 2026070416     6032      975  0.00000e+00
2026070312 2026070416     6032     1000  0.00000e+00
2026070312 2026070417     6032       50  0.00000e+00
2026070312 2026070417     6032       70  0.00000e+00
2026070312 2026070417     6032      100  0.00000e+00
2026070312 2026070417     6032      150  0.00000e+00
2026070312 2026070417     6032      200  0.00000e+00
2026070312 2026070417     6032      250  0.00000e+00
2026070312 2026070417     6032      300  4.12412e-01
2026070312 2026070417     6032      350  6.20269e-01
2026070312 2026070417     6032      400  8.74341e-02
2026070312 2026070417     6032      450  4.37368e-01
2026070312 2026070417     6032      500  1.00000e+00
2026070312 2026070417     6032      550  7.17705e-01
2026070312 2026070417     6032      600  5.10255e-02
2026070312 2026070417     6032      650  1.86974e-01
2026070312 2026070417     6032      700  1.15869e-01
2026070312 2026070417     6032      750  0.00000e+00
2026070312 2026070417     6032      800  0.00000e+00
2026070312 2026070417     6032      850  0.00000e+00
2026070312 2026070417     6032      875  0.00000e+00
2026070312 2026070417     6032      900  0.00000e+00
2026070312 2026070417     6032      925  0.00000e+00
2026070312 2026070417     6032      950  0.00000e+00
2026070312 2026070417     6032      975  0.00000e+00
2026070312 2026070417     6032     1000  0.00000e+00
2026070312 2026070418     6032       50  0.00000e+00
2026070312 2026070418     6032       70  0.00000e+00
2026070312 2026070418     6032      100  0.00000e+00
2026070312 2026070418     6032      150  0.00000e+00
2026070312 2026070418     6032      200  0.00000e+00
2026070312 2026070418     6032      250  0.00000e+00
2026070312 2026070418     6032      300  4.22253e-01
2026070312 2026070418     6032      350  2.47276e-01
2026070312 2026070418     6032      400  1.26661e-01
2026070312 2026070418     6032      450  4.50426e-01
2026070312 2026070418     6032      500  1.00000e+00
2026070312 2026070418     6032      550  7.14250e-01
2026070312 2026070418     6032      600  0.00000e+00
2026070312 2026070418     6032      650  0.00000e+00
2026070312 2026070418     6032      700  3.45041e-01
2026070312 2026070418     6032      750  2.21495e-01
2026070312 2026070418     6032      800  0.00000e+00
2026070312 2026070418     6032      850  0.00000e+00
2026070312 2026070418     6032      875  0.00000e+00
2026070312 2026070418     6032      900  0.00000e+00
2026070312 2026070418     6032      925  0.00000e+00
2026070312 2026070418     6032      950  0.00000e+00
2026070312 2026070418     6032      975  0.00000e+00
2026070312 2026070418     6032     1000  0.00000e+00
2026070312 2026070419     6032       50  0.00000e+00
2026070312 2026070419     6032       70  0.00000e+00
2026070312 2026070419     6032      100  0.00000e+00
2026070312 2026070419     6032      150  0.00000e+00
2026070312 2026070419     6032      200  0.00000e+00
2026070312 2026070419     6032      250  0.00000e+00
2026070312 2026070419     6032      300  3.62879e-01
2026070312 2026070419     6032      350  6.12511e-01
2026070312 2026070419     6032      400  3.47424e-01
2026070312 2026070419     6032      450  1.00000e+00
2026070312 2026070419     6032      500  1.00000e+00
2026070312 2026070419     6032      550  9.99644e-01
2026070312 2026070419     6032      600  9.91553e-01
2026070312 2026070419     6032      650  8.87141e-01
2026070312 2026070419     6032      700  3.67189e-01
2026070312 2026070419     6032      750  0.00000e+00
2026070312 2026070419     6032      800  0.00000e+00
2026070312 2026070419     6032      850  0.00000e+00
2026070312 2026070419     6032      875  0.00000e+00
2026070312 2026070419     6032      900  0.00000e+00
2026070312 2026070419     6032      925  0.00000e+00
2026070312 2026070419     6032      950  0.00000e+00
2026070312 2026070419     6032      975  0.00000e+00
2026070312 2026070419     6032     1000  0.00000e+00
2026070312 2026070420     6032       50  0.00000e+00
2026070312 2026070420     6032       70  0.00000e+00
2026070312 2026070420     6032      100  0.00000e+00
2026070312 2026070420     6032      150  0.00000e+00
2026070312 2026070420     6032      200  0.00000e+00
2026070312 2026070420     6032      250  0.00000e+00
2026070312 2026070420     6032      300  0.00000e+00
2026070312 2026070420     6032      350  0.00000e+00
2026070312 2026070420     6032      400  1.00000e+00
2026070312 2026070420     6032      450  1.00000e+00
2026070312 2026070420     6032      500  1.00000e+00
2026070312 2026070420     6032      550  9.99605e-01
2026070312 2026070420     6032      600  9.98410e-01
2026070312 2026070420     6032      650  9.97911e-01
2026070312 2026070420     6032      700  9.97751e-01
2026070312 2026070420     6032      750  9.96834e-01
2026070312 2026070420     6032      800  9.31904e-01
2026070312 2026070420     6032      850  0.00000e+00
2026070312 2026070420     6032      875  0.00000e+00
2026070312 2026070420     6032      900  0.00000e+00
2026070312 2026070420     6032      925  0.00000e+00
2026070312 2026070420     6032      950  0.00000e+00
2026070312 2026070420     6032      975  0.00000e+00
2026070312 2026070420     6032     1000  0.00000e+00
2026070312 2026070421     6032       50  0.00000e+00
2026070312 2026070421     6032       70  0.00000e+00
2026070312 2026070421     6032      100  0.00000e+00
2026070312 2026070421     6032      150  0.00000e+00
2026070312 2026070421     6032      200  0.00000e+00
2026070312 2026070421     6032      250  0.00000e+00
2026070312 2026070421     6032      300  0.00000e+00
2026070312 2026070421     6032      350  8.92758e-03
2026070312 2026070421     6032      400  1.00000e+00
2026070312 2026070421     6032      450  1.00000e+00
2026070312 2026070421     6032      500  1.00000e+00
2026070312 2026070421     6032      550  9.99557e-01
2026070312 2026070421     6032      600  7.76948e-01
2026070312 2026070421     6032      650  1.99039e-01
2026070312 2026070421     6032      700  0.00000e+00
2026070312 2026070421     6032      750  0.00000e+00
2026070312 2026070421     6032      800  0.00000e+00
2026070312 2026070421     6032      850  4.84861e-02
2026070312 2026070421     6032      875  1.80602e-05
2026070312 2026070421     6032      900  0.00000e+00
2026070312 2026070421     6032      925  0.00000e+00
2026070312 2026070421     6032      950  0.00000e+00
2026070312 2026070421     6032      975  0.00000e+00
2026070312 2026070421     6032     1000  0.00000e+00
2026070312 2026070422     6032       50  0.00000e+00
2026070312 2026070422     6032       70  0.00000e+00
2026070312 2026070422     6032      100  0.00000e+00
2026070312 2026070422     6032      150  0.00000e+00
2026070312 2026070422     6032      200  0.00000e+00
2026070312 2026070422     6032      250  2.45340e-02
2026070312 2026070422     6032      300  7.24654e-01
2026070312 2026070422     6032      350  2.33116e-01
2026070312 2026070422     6032      400  1.00000e+00
2026070312 2026070422     6032      450  1.00000e+00
2026070312 2026070422     6032      500  1.00000e+00
2026070312 2026070422     6032      550  8.90885e-01
2026070312 2026070422     6032      600  4.71293e-01
2026070312 2026070422     6032      650  1.16567e-01
2026070312 2026070422     6032      700  0.00000e+00
2026070312 2026070422     6032      750  0.00000e+00
2026070312 2026070422     6032      800  0.00000e+00
2026070312 2026070422     6032      850  0.00000e+00
2026070312 2026070422     6032      875  0.00000e+00
2026070312 2026070422     6032      900  0.00000e+00
2026070312 2026070422     6032      925  0.00000e+00
2026070312 2026070422     6032      950  0.00000e+00
2026070312 2026070422     6032      975  0.00000e+00
2026070312 2026070422     6032     1000  0.00000e+00
2026070312 2026070423     6032       50  0.00000e+00
2026070312 2026070423     6032       70  0.00000e+00
2026070312 2026070423     6032      100  0.00000e+00
2026070312 2026070423     6032      150  0.00000e+00
2026070312 2026070423     6032      200  0.00000e+00
2026070312 2026070423     6032      250  2.14970e-02
2026070312 2026070423     6032      300  4.33813e-01
2026070312 2026070423     6032      350  9.46346e-01
2026070312 2026070423     6032      400  1.00000e+00
2026070312 2026070423     6032      450  8.29620e-01
2026070312 2026070423     6032      500  3.46452e-02
2026070312 2026070423     6032      550  2.28769e-01
2026070312 2026070423     6032      600  5.39663e-01
2026070312 2026070423     6032      650  0.00000e+00
2026070312 2026070423     6032      700  0.00000e+00
2026070312 2026070423     6032      750  0.00000e+00
2026070312 2026070423     6032      800  0.00000e+00
2026070312 2026070423     6032      850  0.00000e+00
2026070312 2026070423     6032      875  0.00000e+00
2026070312 2026070423     6032      900  0.00000e+00
2026070312 2026070423     6032      925  0.00000e+00
2026070312 2026070423     6032      950  0.00000e+00
2026070312 2026070423     6032      975  0.00000e+00
2026070312 2026070423     6032     1000  0.00000e+00
2026070312 2026070500     6032       50  0.00000e+00
2026070312 2026070500     6032       70  0.00000e+00
2026070312 2026070500     6032      100  0.00000e+00
2026070312 2026070500     6032      150  0.00000e+00
2026070312 2026070500     6032      200  9.12157e-02
2026070312 2026070500     6032      250  7.10364e-01
2026070312 2026070500     6032      300  1.00000e+00
2026070312 2026070500     6032      350  1.00000e+00
2026070312 2026070500     6032      400  9.93285e-01
2026070312 2026070500     6032      450  8.11158e-01
2026070312 2026070500     6032      500  3.51784e-01
2026070312 2026070500     6032      550  9.82580e-02
2026070312 2026070500     6032      600  0.00000e+00
2026070312 2026070500     6032      650  0.00000e+00
2026070312 2026070500     6032      700  0.00000e+00
2026070312 2026070500     6032      750  0.00000e+00
2026070312 2026070500     6032      800  0.00000e+00
2026070312 2026070500     6032      850  0.00000e+00
2026070312 2026070500     6032      875  0.00000e+00
2026070312 2026070500     6032      900  0.00000e+00
2026070312 2026070500     6032      925  0.00000e+00
2026070312 2026070500     6032      950  0.00000e+00
2026070312 2026070500     6032      975  0.00000e+00
2026070312 2026070500     6032     1000  0.00000e+00
2026070312 2026070501     6032       50  0.00000e+00
2026070312 2026070501     6032       70  0.00000e+00
2026070312 2026070501     6032      100  0.00000e+00
2026070312 2026070501     6032      150  0.00000e+00
2026070312 2026070501     6032      200  8.93605e-03
2026070312 2026070501     6032      250  3.21870e-01
2026070312 2026070501     6032      300  6.61119e-01
2026070312 2026070501     6032      350  8.23707e-01
2026070312 2026070501     6032      400  1.00000e+00
2026070312 2026070501     6032      450  8.57087e-01
2026070312 2026070501     6032      500  3.82003e-01
2026070312 2026070501     6032      550  9.99629e-01
2026070312 2026070501     6032      600  9.94213e-01
2026070312 2026070501     6032      650  9.66511e-01
2026070312 2026070501     6032      700  4.64151e-01
2026070312 2026070501     6032      750  0.00000e+00
2026070312 2026070501     6032      800  0.00000e+00
2026070312 2026070501     6032      850  0.00000e+00
2026070312 2026070501     6032      875  0.00000e+00
2026070312 2026070501     6032      900  0.00000e+00
2026070312 2026070501     6032      925  0.00000e+00
2026070312 2026070501     6032      950  7.22835e-02
2026070312 2026070501     6032      975  4.40343e-01
2026070312 2026070501     6032     1000  1.44565e-02
2026070312 2026070502     6032       50  0.00000e+00
2026070312 2026070502     6032       70  0.00000e+00
2026070312 2026070502     6032      100  0.00000e+00
2026070312 2026070502     6032      150  0.00000e+00
2026070312 2026070502     6032      200  0.00000e+00
2026070312 2026070502     6032      250  0.00000e+00
2026070312 2026070502     6032      300  0.00000e+00
2026070312 2026070502     6032      350  3.60474e-01
2026070312 2026070502     6032      400  1.50245e-01
2026070312 2026070502     6032      450  2.22364e-01
2026070312 2026070502     6032      500  9.99753e-01
2026070312 2026070502     6032      550  9.98065e-01
2026070312 2026070502     6032      600  6.55396e-01
2026070312 2026070502     6032      650  0.00000e+00
2026070312 2026070502     6032      700  0.00000e+00
2026070312 2026070502     6032      750  0.00000e+00
2026070312 2026070502     6032      800  0.00000e+00
2026070312 2026070502     6032      850  0.00000e+00
2026070312 2026070502     6032      875  0.00000e+00
2026070312 2026070502     6032      900  0.00000e+00
2026070312 2026070502     6032      925  0.00000e+00
2026070312 2026070502     6032      950  1.94482e-01
2026070312 2026070502     6032      975  1.27133e-01
2026070312 2026070502     6032     1000  1.42887e-01
2026070312 2026070503     6032       50  0.00000e+00
2026070312 2026070503     6032       70  0.00000e+00
2026070312 2026070503     6032      100  0.00000e+00
2026070312 2026070503     6032      150  0.00000e+00
2026070312 2026070503     6032      200  0.00000e+00
2026070312 2026070503     6032      250  1.18870e-01
2026070312 2026070503     6032      300  1.00000e+00
2026070312 2026070503     6032      350  1.00000e+00
2026070312 2026070503     6032      400  1.00000e+00
2026070312 2026070503     6032      450  1.00000e+00
2026070312 2026070503     6032      500  8.27723e-01
2026070312 2026070503     6032      550  1.91125e-01
2026070312 2026070503     6032      600  2.94500e-01
2026070312 2026070503     6032      650  5.04639e-01
2026070312 2026070503     6032      700  0.00000e+00
2026070312 2026070503     6032      750  0.00000e+00
2026070312 2026070503     6032      800  0.00000e+00
2026070312 2026070503     6032      850  0.00000e+00
2026070312 2026070503     6032      875  0.00000e+00
2026070312 2026070503     6032      900  0.00000e+00
2026070312 2026070503     6032      925  0.00000e+00
2026070312 2026070503     6032      950  0.00000e+00
2026070312 2026070503     6032      975  0.00000e+00
2026070312 2026070503     6032     1000  0.00000e+00
2026070312 2026070504     6032       50  0.00000e+00
2026070312 2026070504     6032       70  0.00000e+00
2026070312 2026070504     6032      100  0.00000e+00
2026070312 2026070504     6032      150  8.71267e-01
2026070312 2026070504     6032      200  9.98511e-01
2026070312 2026070504     6032      250  1.00000e+00
2026070312 2026070504     6032      300  1.00000e+00
2026070312 2026070504     6032      350  1.00000e+00
2026070312 2026070504     6032      400  1.00000e+00
2026070312 2026070504     6032      450  1.00000e+00
2026070312 2026070504     6032      500  1.00000e+00
2026070312 2026070504     6032      550  7.17701e-01
2026070312 2026070504     6032      600  0.00000e+00
2026070312 2026070504     6032      650  0.00000e+00
2026070312 2026070504     6032      700  0.00000e+00
2026070312 2026070504     6032      750  0.00000e+00
2026070312 2026070504     6032      800  0.00000e+00
2026070312 2026070504     6032      850  0.00000e+00
2026070312 2026070504     6032      875  0.00000e+00
2026070312 2026070504     6032      900  0.00000e+00
2026070312 2026070504     6032      925  5.96414e-01
2026070312 2026070504     6032      950  8.39665e-01
2026070312 2026070504     6032      975  3.79348e-01
2026070312 2026070504     6032     1000  0.00000e+00
2026070312 2026070505     6032       50  0.00000e+00
2026070312 2026070505     6032       70  0.00000e+00
2026070312 2026070505     6032      100  0.00000e+00
2026070312 2026070505     6032      150  1.06927e-01
2026070312 2026070505     6032      200  1.46033e-01
2026070312 2026070505     6032      250  7.21095e-01
2026070312 2026070505     6032      300  1.00000e+00
2026070312 2026070505     6032      350  1.00000e+00
2026070312 2026070505     6032      400  1.00000e+00
2026070312 2026070505     6032      450  1.00000e+00
2026070312 2026070505     6032      500  1.00000e+00
2026070312 2026070505     6032      550  7.16098e-01
2026070312 2026070505     6032      600  7.84576e-03
2026070312 2026070505     6032      650  0.00000e+00
2026070312 2026070505     6032      700  0.00000e+00
2026070312 2026070505     6032      750  0.00000e+00
2026070312 2026070505     6032      800  0.00000e+00
2026070312 2026070505     6032      850  0.00000e+00
2026070312 2026070505     6032      875  0.00000e+00
2026070312 2026070505     6032      900  0.00000e+00
2026070312 2026070505     6032      925  0.00000e+00
2026070312 2026070505     6032      950  9.04655e-02
2026070312 2026070505     6032      975  8.06822e-02
2026070312 2026070505     6032     1000  0.00000e+00
2026070312 2026070506     6032       50  0.00000e+00
2026070312 2026070506     6032       70  0.00000e+00
2026070312 2026070506     6032      100  0.00000e+00
2026070312 2026070506     6032      150  5.31179e-02
2026070312 2026070506     6032      200  2.19153e-01
2026070312 2026070506     6032      250  8.44117e-02
2026070312 2026070506     6032      300  4.38851e-01
2026070312 2026070506     6032      350  1.00000e+00
2026070312 2026070506     6032      400  1.00000e+00
2026070312 2026070506     6032      450  1.00000e+00
2026070312 2026070506     6032      500  8.15596e-01
2026070312 2026070506     6032      550  1.66196e-01
2026070312 2026070506     6032      600  0.00000e+00
2026070312 2026070506     6032      650  0.00000e+00
2026070312 2026070506     6032      700  0.00000e+00
2026070312 2026070506     6032      750  0.00000e+00
2026070312 2026070506     6032      800  0.00000e+00
2026070312 2026070506     6032      850  0.00000e+00
2026070312 2026070506     6032      875  0.00000e+00
2026070312 2026070506     6032      900  0.00000e+00
2026070312 2026070506     6032      925  0.00000e+00
2026070312 2026070506     6032      950  0.00000e+00
2026070312 2026070506     6032      975  0.00000e+00
2026070312 2026070506     6032     1000  0.00000e+00
2026070312 2026070507     6032       50  0.00000e+00
2026070312 2026070507     6032       70  0.00000e+00
2026070312 2026070507     6032      100  0.00000e+00
2026070312 2026070507     6032      150  0.00000e+00
2026070312 2026070507     6032      200  0.00000e+00
2026070312 2026070507     6032      250  3.13188e-02
2026070312 2026070507     6032      300  8.30543e-01
2026070312 2026070507     6032      350  1.63728e-01
2026070312 2026070507     6032      400  1.97482e-03
2026070312 2026070507     6032      450  2.08180e-01
2026070312 2026070507     6032      500  1.00000e+00
2026070312 2026070507     6032      550  7.08653e-01
2026070312 2026070507     6032      600  0.00000e+00
2026070312 2026070507     6032      650  0.00000e+00
2026070312 2026070507     6032      700  0.00000e+00
2026070312 2026070507     6032      750  0.00000e+00
2026070312 2026070507     6032      800  0.00000e+00
2026070312 2026070507     6032      850  0.00000e+00
2026070312 2026070507     6032      875  0.00000e+00
2026070312 2026070507     6032      900  0.00000e+00
2026070312 2026070507     6032      925  0.00000e+00
2026070312 2026070507     6032      950  1.08244e-01
2026070312 2026070507     6032      975  0.00000e+00
2026070312 2026070507     6032     1000  9.50503e-02
2026070312 2026070508     6032       50  0.00000e+00
2026070312 2026070508     6032       70  0.00000e+00
2026070312 2026070508     6032      100  0.00000e+00
2026070312 2026070508     6032      150  0.00000e+00
2026070312 2026070508     6032      200  0.00000e+00
2026070312 2026070508     6032      250  0.00000e+00
2026070312 2026070508     6032      300  7.42188e-01
2026070312 2026070508     6032      350  1.00000e+00
2026070312 2026070508     6032      400  1.00000e+00
2026070312 2026070508     6032      450  1.00000e+00
2026070312 2026070508     6032      500  8.01663e-01
2026070312 2026070508     6032      550  1.23946e-01
2026070312 2026070508     6032      600  0.00000e+00
2026070312 2026070508     6032      650  0.00000e+00
2026070312 2026070508     6032      700  0.00000e+00
2026070312 2026070508     6032      750  0.00000e+00
2026070312 2026070508     6032      800  0.00000e+00
2026070312 2026070508     6032      850  0.00000e+00
2026070312 2026070508     6032      875  0.00000e+00
2026070312 2026070508     6032      900  0.00000e+00
2026070312 2026070508     6032      925  0.00000e+00
2026070312 2026070508     6032      950  6.55943e-01
2026070312 2026070508     6032      975  7.41899e-03
2026070312 2026070508     6032     1000  0.00000e+00
2026070312 2026070509     6032       50  0.00000e+00
2026070312 2026070509     6032       70  0.00000e+00
2026070312 2026070509     6032      100  0.00000e+00
2026070312 2026070509     6032      150  0.00000e+00
2026070312 2026070509     6032      200  0.00000e+00
2026070312 2026070509     6032      250  1.57379e-02
2026070312 2026070509     6032      300  1.00000e+00
2026070312 2026070509     6032      350  1.00000e+00
2026070312 2026070509     6032      400  1.00000e+00
2026070312 2026070509     6032      450  1.00000e+00
2026070312 2026070509     6032      500  8.02068e-01
2026070312 2026070509     6032      550  1.35383e-01
2026070312 2026070509     6032      600  0.00000e+00
2026070312 2026070509     6032      650  0.00000e+00
2026070312 2026070509     6032      700  0.00000e+00
2026070312 2026070509     6032      750  0.00000e+00
2026070312 2026070509     6032      800  0.00000e+00
2026070312 2026070509     6032      850  0.00000e+00
2026070312 2026070509     6032      875  0.00000e+00
2026070312 2026070509     6032      900  0.00000e+00
2026070312 2026070509     6032      925  0.00000e+00
2026070312 2026070509     6032      950  0.00000e+00
2026070312 2026070509     6032      975  0.00000e+00
2026070312 2026070509     6032     1000  0.00000e+00
2026070312 2026070510     6032       50  0.00000e+00
2026070312 2026070510     6032       70  0.00000e+00
2026070312 2026070510     6032      100  0.00000e+00
2026070312 2026070510     6032      150  0.00000e+00
2026070312 2026070510     6032      200  0.00000e+00
2026070312 2026070510     6032      250  0.00000e+00
2026070312 2026070510     6032      300  0.00000e+00
2026070312 2026070510     6032      350  0.00000e+00
2026070312 2026070510     6032      400  0.00000e+00
2026070312 2026070510     6032      450  4.59445e-03
2026070312 2026070510     6032      500  3.99643e-02
2026070312 2026070510     6032      550  6.15313e-02
2026070312 2026070510     6032      600  0.00000e+00
2026070312 2026070510     6032      650  0.00000e+00
2026070312 2026070510     6032      700  2.61938e-01
2026070312 2026070510     6032      750  1.42697e-01
2026070312 2026070510     6032      800  0.00000e+00
2026070312 2026070510     6032      850  0.00000e+00
2026070312 2026070510     6032      875  9.18521e-02
2026070312 2026070510     6032      900  8.63405e-01
2026070312 2026070510     6032      925  9.66131e-01
2026070312 2026070510     6032      950  8.56465e-01
2026070312 2026070510     6032      975  4.77517e-01
2026070312 2026070510     6032     1000  7.49457e-02
2026070312 2026070511     6032       50  0.00000e+00
2026070312 2026070511     6032       70  0.00000e+00
2026070312 2026070511     6032      100  0.00000e+00
2026070312 2026070511     6032      150  0.00000e+00
2026070312 2026070511     6032      200  0.00000e+00
2026070312 2026070511     6032      250  0.00000e+00
2026070312 2026070511     6032      300  0.00000e+00
2026070312 2026070511     6032      350  0.00000e+00
2026070312 2026070511     6032      400  0.00000e+00
2026070312 2026070511     6032      450  0.00000e+00
2026070312 2026070511     6032      500  4.85772e-02
2026070312 2026070511     6032      550  4.01780e-01
2026070312 2026070511     6032      600  5.73086e-01
2026070312 2026070511     6032      650  0.00000e+00
2026070312 2026070511     6032      700  0.00000e+00
2026070312 2026070511     6032      750  0.00000e+00
2026070312 2026070511     6032      800  0.00000e+00
2026070312 2026070511     6032      850  0.00000e+00
2026070312 2026070511     6032      875  0.00000e+00
2026070312 2026070511     6032      900  0.00000e+00
2026070312 2026070511     6032      925  0.00000e+00
2026070312 2026070511     6032      950  0.00000e+00
2026070312 2026070511     6032      975  0.00000e+00
2026070312 2026070511     6032     1000  0.00000e+00
2026070312 2026070512     6032       50  0.00000e+00
2026070312 2026070512     6032       70  0.00000e+00
2026070312 2026070512     6032      100  0.00000e+00
2026070312 2026070512     6032      150  0.00000e+00
2026070312 2026070512     6032      200  0.00000e+00
2026070312 2026070512     6032      250  0.00000e+00
2026070312 2026070512     6032      300  0.00000e+00
2026070312 2026070512     6032      350  0.00000e+00
2026070312 2026070512     6032      400  0.00000e+00
2026070312 2026070512     6032      450  0.00000e+00
2026070312 2026070512     6032      500  0.00000e+00
2026070312 2026070512     6032      550  1.34091e-01
2026070312 2026070512     6032      600  2.97374e-01
2026070312 2026070512     6032      650  0.00000e+00
2026070312 2026070512     6032      700  0.00000e+00
2026070312 2026070512     6032      750  0.00000e+00
2026070312 2026070512     6032      800  0.00000e+00
2026070312 2026070512     6032      850  0.00000e+00
2026070312 2026070512     6032      875  0.00000e+00
2026070312 2026070512     6032      900  0.00000e+00
2026070312 2026070512     6032      925  0.00000e+00
2026070312 2026070512     6032      950  0.00000e+00
2026070312 2026070512     6032      975  0.00000e+00
2026070312 2026070512     6032     1000  0.00000e+00
2026070312 2026070513     6032       50  0.00000e+00
2026070312 2026070513     6032       70  0.00000e+00
2026070312 2026070513     6032      100  0.00000e+00
2026070312 2026070513     6032      150  0.00000e+00
2026070312 2026070513     6032      200  0.00000e+00
2026070312 2026070513     6032      250  0.00000e+00
2026070312 2026070513     6032      300  0.00000e+00
2026070312 2026070513     6032      350  0.00000e+00
2026070312 2026070513     6032      400  0.00000e+00
2026070312 2026070513     6032      450  0.00000e+00
2026070312 2026070513     6032      500  0.00000e+00
2026070312 2026070513     6032      550  0.00000e+00
2026070312 2026070513     6032      600  0.00000e+00
2026070312 2026070513     6032      650  0.00000e+00
2026070312 2026070513     6032      700  0.00000e+00
2026070312 2026070513     6032      750  0.00000e+00
2026070312 2026070513     6032      800 -1.11022e-16
2026070312 2026070513     6032      850  0.00000e+00
2026070312 2026070513     6032      875  0.00000e+00
2026070312 2026070513     6032      900  0.00000e+00
2026070312 2026070513     6032      925  0.00000e+00
2026070312 2026070513     6032      950  0.00000e+00
2026070312 2026070513     6032      975  0.00000e+00
2026070312 2026070513     6032     1000  0.00000e+00
2026070312 2026070514     6032       50  0.00000e+00
2026070312 2026070514     6032       70  0.00000e+00
2026070312 2026070514     6032      100  0.00000e+00
2026070312 2026070514     6032      150  0.00000e+00
2026070312 2026070514     6032      200  0.00000e+00
2026070312 2026070514     6032      250  0.00000e+00
2026070312 2026070514     6032      300  0.00000e+00
2026070312 2026070514     6032      350  0.00000e+00
2026070312 2026070514     6032      400  0.00000e+00
2026070312 2026070514     6032      450  0.00000e+00
2026070312 2026070514     6032      500  0.00000e+00
2026070312 2026070514     6032      550  0.00000e+00
2026070312 2026070514     6032      600  0.00000e+00
2026070312 2026070514     6032      650  0.00000e+00
2026070312 2026070514     6032      700  0.00000e+00
2026070312 2026070514     6032      750  0.00000e+00
2026070312 2026070514     6032      800  0.00000e+00
2026070312 2026070514     6032      850  0.00000e+00
2026070312 2026070514     6032      875  0.00000e+00
2026070312 2026070514     6032      900  0.00000e+00
2026070312 2026070514     6032      925  0.00000e+00
2026070312 2026070514     6032      950  0.00000e+00
2026070312 2026070514     6032      975  0.00000e+00
2026070312 2026070514     6032     1000  0.00000e+00
2026070312 2026070515     6032       50  0.00000e+00
2026070312 2026070515     6032       70  0.00000e+00
2026070312 2026070515     6032      100  0.00000e+00
2026070312 2026070515     6032      150  1.00000e+00
2026070312 2026070515     6032      200  0.00000e+00
2026070312 2026070515     6032      250  0.00000e+00
2026070312 2026070515     6032      300  0.00000e+00
2026070312 2026070515     6032      350  0.00000e+00
2026070312 2026070515     6032      400  0.00000e+00
2026070312 2026070515     6032      450  0.00000e+00
2026070312 2026070515     6032      500  0.00000e+00
2026070312 2026070515     6032      550  0.00000e+00
2026070312 2026070515     6032      600  0.00000e+00
2026070312 2026070515     6032      650  0.00000e+00
2026070312 2026070515     6032      700  0.00000e+00
2026070312 2026070515     6032      750  0.00000e+00
2026070312 2026070515     6032      800  0.00000e+00
2026070312 2026070515     6032      850  0.00000e+00
2026070312 2026070515     6032      875  0.00000e+00
2026070312 2026070515     6032      900  0.00000e+00
2026070312 2026070515     6032      925  0.00000e+00
2026070312 2026070515     6032      950  0.00000e+00
2026070312 2026070515     6032      975  0.00000e+00
2026070312 2026070515     6032     1000  0.00000e+00
2026070312 2026070516     6032       50  0.00000e+00
2026070312 2026070516     6032       70  0.00000e+00
2026070312 2026070516     6032      100  0.00000e+00
2026070312 2026070516     6032      150  1.65106e-01
2026070312 2026070516     6032      200  0.00000e+00
2026070312 2026070516     6032      250  0.00000e+00
2026070312 2026070516     6032      300  0.00000e+00
2026070312 2026070516     6032      350  0.00000e+00
2026070312 2026070516     6032      400  0.00000e+00
2026070312 2026070516     6032      450  0.00000e+00
2026070312 2026070516     6032      500  0.00000e+00
2026070312 2026070516     6032      550  0.00000e+00
2026070312 2026070516     6032      600  0.00000e+00
2026070312 2026070516     6032      650  0.00000e+00
2026070312 2026070516     6032      700  0.00000e+00
2026070312 2026070516     6032      750  0.00000e+00
2026070312 2026070516     6032      800  0.00000e+00
2026070312 2026070516     6032      850  0.00000e+00
2026070312 2026070516     6032      875  0.00000e+00
2026070312 2026070516     6032      900  0.00000e+00
2026070312 2026070516     6032      925  0.00000e+00
2026070312 2026070516     6032      950  0.00000e+00
2026070312 2026070516     6032      975  0.00000e+00
2026070312 2026070516     6032     1000  0.00000e+00
2026070312 2026070517     6032       50  0.00000e+00
2026070312 2026070517     6032       70  0.00000e+00
2026070312 2026070517     6032      100  0.00000e+00
2026070312 2026070517     6032      150  0.00000e+00
2026070312 2026070517     6032      200  0.00000e+00
2026070312 2026070517     6032      250  0.00000e+00
2026070312 2026070517     6032      300  0.00000e+00
2026070312 2026070517     6032      350  0.00000e+00
2026070312 2026070517     6032      400  0.00000e+00
2026070312 2026070517     6032      450  4.38346e-02
2026070312 2026070517     6032      500  1.83820e-01
2026070312 2026070517     6032      550  3.13304e-01
2026070312 2026070517     6032      600  8.70530e-01
2026070312 2026070517     6032      650  3.61823e-01
2026070312 2026070517     6032      700  0.00000e+00
2026070312 2026070517     6032      750  0.00000e+00
2026070312 2026070517     6032      800  0.00000e+00
2026070312 2026070517     6032      850  0.00000e+00
2026070312 2026070517     6032      875  0.00000e+00
2026070312 2026070517     6032      900  0.00000e+00
2026070312 2026070517     6032      925  0.00000e+00
2026070312 2026070517     6032      950  0.00000e+00
2026070312 2026070517     6032      975  0.00000e+00
2026070312 2026070517     6032     1000  0.00000e+00
2026070312 2026070518     6032       50  0.00000e+00
2026070312 2026070518     6032       70  0.00000e+00
2026070312 2026070518     6032      100  0.00000e+00
2026070312 2026070518     6032      150  8.34896e-01
2026070312 2026070518     6032      200  0.00000e+00
2026070312 2026070518     6032      250  0.00000e+00
2026070312 2026070518     6032      300  0.00000e+00
2026070312 2026070518     6032      350  0.00000e+00
2026070312 2026070518     6032      400  0.00000e+00
2026070312 2026070518     6032      450  1.89347e-01
2026070312 2026070518     6032      500  1.00000e+00
2026070312 2026070518     6032      550  9.99643e-01
2026070312 2026070518     6032      600  9.98486e-01
2026070312 2026070518     6032      650  5.58903e-01
2026070312 2026070518     6032      700  0.00000e+00
2026070312 2026070518     6032      750  0.00000e+00
2026070312 2026070518     6032      800  0.00000e+00
2026070312 2026070518     6032      850  0.00000e+00
2026070312 2026070518     6032      875  0.00000e+00
2026070312 2026070518     6032      900  0.00000e+00
2026070312 2026070518     6032      925  0.00000e+00
2026070312 2026070518     6032      950  0.00000e+00
2026070312 2026070518     6032      975  0.00000e+00
2026070312 2026070518     6032     1000  0.00000e+00
2026070312 2026070519     6032       50  0.00000e+00
2026070312 2026070519     6032       70  0.00000e+00
2026070312 2026070519     6032      100  0.00000e+00
2026070312 2026070519     6032      150  0.00000e+00
2026070312 2026070519     6032      200  0.00000e+00
2026070312 2026070519     6032      250  0.00000e+00
2026070312 2026070519     6032      300  0.00000e+00
2026070312 2026070519     6032      350  0.00000e+00
2026070312 2026070519     6032      400  0.00000e+00
2026070312 2026070519     6032      450  0.00000e+00
2026070312 2026070519     6032      500  0.00000e+00
2026070312 2026070519     6032      550  0.00000e+00
2026070312 2026070519     6032      600  0.00000e+00
2026070312 2026070519     6032      650  0.00000e+00
2026070312 2026070519     6032      700  0.00000e+00
2026070312 2026070519     6032      750  0.00000e+00
2026070312 2026070519     6032      800  0.00000e+00
2026070312 2026070519     6032      850 -1.38778e-17
2026070312 2026070519     6032      875  0.00000e+00
2026070312 2026070519     6032      900  0.00000e+00
2026070312 2026070519     6032      925  0.00000e+00
2026070312 2026070519     6032      950  0.00000e+00
2026070312 2026070519     6032      975  0.00000e+00
2026070312 2026070519     6032     1000  0.00000e+00
2026070312 2026070520     6032       50  0.00000e+00
2026070312 2026070520     6032       70  0.00000e+00
2026070312 2026070520     6032      100  0.00000e+00
2026070312 2026070520     6032      150  1.00000e+00
2026070312 2026070520     6032      200  0.00000e+00
2026070312 2026070520     6032      250  0.00000e+00
2026070312 2026070520     6032      300  0.00000e+00
2026070312 2026070520     6032      350  0.00000e+00
2026070312 2026070520     6032      400  0.00000e+00
2026070312 2026070520     6032      450  0.00000e+00
2026070312 2026070520     6032      500  0.00000e+00
2026070312 2026070520     6032      550  0.00000e+00
2026070312 2026070520     6032      600  0.00000e+00
2026070312 2026070520     6032      650  0.00000e+00
2026070312 2026070520     6032      700  0.00000e+00
2026070312 2026070520     6032      750  0.00000e+00
2026070312 2026070520     6032      800  0.00000e+00
2026070312 2026070520     6032      850  0.00000e+00
2026070312 2026070520     6032      875  0.00000e+00
2026070312 2026070520     6032      900  0.00000e+00
2026070312 2026070520     6032      925  0.00000e+00
2026070312 2026070520     6032      950  0.00000e+00
2026070312 2026070520     6032      975  0.00000e+00
2026070312 2026070520     6032     1000  0.00000e+00
2026070312 2026070521     6032       50  0.00000e+00
2026070312 2026070521     6032       70  0.00000e+00
2026070312 2026070521     6032      100  0.00000e+00
2026070312 2026070521     6032      150  0.00000e+00
2026070312 2026070521     6032      200  0.00000e+00
2026070312 2026070521     6032      250  0.00000e+00
2026070312 2026070521     6032      300  0.00000e+00
2026070312 2026070521     6032      350  0.00000e+00
2026070312 2026070521     6032      400  0.00000e+00
2026070312 2026070521     6032      450  0.00000e+00
2026070312 2026070521     6032      500  0.00000e+00
2026070312 2026070521     6032      550  2.92939e-01
2026070312 2026070521     6032      600  9.98795e-01
2026070312 2026070521     6032      650  8.40236e-01
2026070312 2026070521     6032      700  2.92307e-01
2026070312 2026070521     6032      750  0.00000e+00
2026070312 2026070521     6032      800  0.00000e+00
2026070312 2026070521     6032      850  0.00000e+00
2026070312 2026070521     6032      875  0.00000e+00
2026070312 2026070521     6032      900  0.00000e+00
2026070312 2026070521     6032      925  0.00000e+00
2026070312 2026070521     6032      950  0.00000e+00
2026070312 2026070521     6032      975  0.00000e+00
2026070312 2026070521     6032     1000  0.00000e+00
2026070312 2026070522     6032       50  0.00000e+00
2026070312 2026070522     6032       70  0.00000e+00
2026070312 2026070522     6032      100  0.00000e+00
2026070312 2026070522     6032      150  1.65197e-01
2026070312 2026070522     6032      200  0.00000e+00
2026070312 2026070522     6032      250  0.00000e+00
2026070312 2026070522     6032      300  6.52575e-01
2026070312 2026070522     6032      350  8.03590e-03
2026070312 2026070522     6032      400  7.63127e-02
2026070312 2026070522     6032      450  4.22055e-01
2026070312 2026070522     6032      500  2.24588e-01
2026070312 2026070522     6032      550  0.00000e+00
2026070312 2026070522     6032      600  0.00000e+00
2026070312 2026070522     6032      650  0.00000e+00
2026070312 2026070522     6032      700  0.00000e+00
2026070312 2026070522     6032      750  0.00000e+00
2026070312 2026070522     6032      800  0.00000e+00
2026070312 2026070522     6032      850  0.00000e+00
2026070312 2026070522     6032      875  0.00000e+00
2026070312 2026070522     6032      900  0.00000e+00
2026070312 2026070522     6032      925  0.00000e+00
2026070312 2026070522     6032      950  0.00000e+00
2026070312 2026070522     6032      975  0.00000e+00
2026070312 2026070522     6032     1000  0.00000e+00
2026070312 2026070523     6032       50  0.00000e+00
2026070312 2026070523     6032       70  0.00000e+00
2026070312 2026070523     6032      100  0.00000e+00
2026070312 2026070523     6032      150  0.00000e+00
2026070312 2026070523     6032      200  0.00000e+00
2026070312 2026070523     6032      250  0.00000e+00
2026070312 2026070523     6032      300  6.36247e-01
2026070312 2026070523     6032      350  0.00000e+00
2026070312 2026070523     6032      400  0.00000e+00
2026070312 2026070523     6032      450  1.84493e-01
2026070312 2026070523     6032      500  7.60960e-01
2026070312 2026070523     6032      550  0.00000e+00
2026070312 2026070523     6032      600  0.00000e+00
2026070312 2026070523     6032      650  0.00000e+00
2026070312 2026070523     6032      700  0.00000e+00
2026070312 2026070523     6032      750  0.00000e+00
2026070312 2026070523     6032      800  0.00000e+00
2026070312 2026070523     6032      850  0.00000e+00
2026070312 2026070523     6032      875  0.00000e+00
2026070312 2026070523     6032      900  0.00000e+00
2026070312 2026070523     6032      925  0.00000e+00
2026070312 2026070523     6032      950  0.00000e+00
2026070312 2026070523     6032      975  0.00000e+00
2026070312 2026070523     6032     1000  0.00000e+00
2026070312 2026070600     6032       50  0.00000e+00
2026070312 2026070600     6032       70  0.00000e+00
2026070312 2026070600     6032      100  0.00000e+00
2026070312 2026070600     6032      150  0.00000e+00
2026070312 2026070600     6032      200  0.00000e+00
2026070312 2026070600     6032      250  0.00000e+00
2026070312 2026070600     6032      300  0.00000e+00
2026070312 2026070600     6032      350  0.00000e+00
2026070312 2026070600     6032      400  0.00000e+00
2026070312 2026070600     6032      450  0.00000e+00
2026070312 2026070600     6032      500  0.00000e+00
2026070312 2026070600     6032      550  0.00000e+00
2026070312 2026070600     6032      600  0.00000e+00
2026070312 2026070600     6032      650  0.00000e+00
2026070312 2026070600     6032      700  0.00000e+00
2026070312 2026070600     6032      750  0.00000e+00
2026070312 2026070600     6032      800  0.00000e+00
2026070312 2026070600     6032      850  0.00000e+00
2026070312 2026070600     6032      875  0.00000e+00
2026070312 2026070600     6032      900  0.00000e+00
2026070312 2026070600     6032      925  0.00000e+00
2026070312 2026070600     6032      950  0.00000e+00
2026070312 2026070600     6032      975  0.00000e+00
2026070312 2026070600     6032     1000  0.00000e+00
2026070312 2026070601     6032       50  0.00000e+00
2026070312 2026070601     6032       70  0.00000e+00
2026070312 2026070601     6032      100  0.00000e+00
2026070312 2026070601     6032      150  0.00000e+00
2026070312 2026070601     6032      200  0.00000e+00
2026070312 2026070601     6032      250  0.00000e+00
2026070312 2026070601     6032      300  0.00000e+00
2026070312 2026070601     6032      350  0.00000e+00
2026070312 2026070601     6032      400  0.00000e+00
2026070312 2026070601     6032      450  0.00000e+00
2026070312 2026070601     6032      500  0.00000e+00
2026070312 2026070601     6032      550  0.00000e+00
2026070312 2026070601     6032      600  0.00000e+00
2026070312 2026070601     6032      650  0.00000e+00
2026070312 2026070601     6032      700  0.00000e+00
2026070312 2026070601     6032      750  0.00000e+00
2026070312 2026070601     6032      800  0.00000e+00
2026070312 2026070601     6032      850  0.00000e+00
2026070312 2026070601     6032      875  0.00000e+00
2026070312 2026070601     6032      900  0.00000e+00
2026070312 2026070601     6032      925  0.00000e+00
2026070312 2026070601     6032      950 -6.93889e-18
2026070312 2026070601     6032      975  0.00000e+00
2026070312 2026070601     6032     1000  0.00000e+00
2026070312 2026070602     6032       50  0.00000e+00
2026070312 2026070602     6032       70  0.00000e+00
2026070312 2026070602     6032      100  0.00000e+00
2026070312 2026070602     6032      150  0.00000e+00
2026070312 2026070602     6032      200  0.00000e+00
2026070312 2026070602     6032      250  0.00000e+00
2026070312 2026070602     6032      300  0.00000e+00
2026070312 2026070602     6032      350  0.00000e+00
2026070312 2026070602     6032      400  0.00000e+00
2026070312 2026070602     6032      450  0.00000e+00
2026070312 2026070602     6032      500  0.00000e+00
2026070312 2026070602     6032      550  0.00000e+00
2026070312 2026070602     6032      600  0.00000e+00
2026070312 2026070602     6032      650  0.00000e+00
2026070312 2026070602     6032      700  0.00000e+00
2026070312 2026070602     6032      750  0.00000e+00
2026070312 2026070602     6032      800  0.00000e+00
2026070312 2026070602     6032      850  0.00000e+00
2026070312 2026070602     6032      875  0.00000e+00
2026070312 2026070602     6032      900  0.00000e+00
2026070312 2026070602     6032      925  0.00000e+00
2026070312 2026070602     6032      950  0.00000e+00
2026070312 2026070602     6032      975  0.00000e+00
2026070312 2026070602     6032     1000  0.00000e+00
2026070312 2026070603     6032       50  0.00000e+00
2026070312 2026070603     6032       70  0.00000e+00
2026070312 2026070603     6032      100  0.00000e+00
2026070312 2026070603     6032      150  0.00000e+00
2026070312 2026070603     6032      200  0.00000e+00
2026070312 2026070603     6032      250  0.00000e+00
2026070312 2026070603     6032      300  0.00000e+00
2026070312 2026070603     6032      350  0.00000e+00
2026070312 2026070603     6032      400  0.00000e+00
2026070312 2026070603     6032      450  0.00000e+00
2026070312 2026070603     6032      500  0.00000e+00
2026070312 2026070603     6032      550  0.00000e+00
2026070312 2026070603     6032      600  0.00000e+00
2026070312 2026070603     6032      650  0.00000e+00
2026070312 2026070603     6032      700  0.00000e+00
2026070312 2026070603     6032      750  0.00000e+00
2026070312 2026070603     6032      800  0.00000e+00
2026070312 2026070603     6032      850  0.00000e+00
2026070312 2026070603     6032      875  0.00000e+00
2026070312 2026070603     6032      900  0.00000e+00
2026070312 2026070603     6032      925  0.00000e+00
2026070312 2026070603     6032      950  0.00000e+00
2026070312 2026070603     6032      975  0.00000e+00
2026070312 2026070603     6032     1000  0.00000e+00
2026070312 2026070604     6032       50  0.00000e+00
2026070312 2026070604     6032       70  0.00000e+00
2026070312 2026070604     6032      100  0.00000e+00
2026070312 2026070604     6032      150  0.00000e+00
2026070312 2026070604     6032      200  0.00000e+00
2026070312 2026070604     6032      250  0.00000e+00
2026070312 2026070604     6032      300  0.00000e+00
2026070312 2026070604     6032      350  0.00000e+00
2026070312 2026070604     6032      400  7.06983e-02
2026070312 2026070604     6032      450  1.00000e+00
2026070312 2026070604     6032      500  7.61899e-01
2026070312 2026070604     6032      550  0.00000e+00
2026070312 2026070604     6032      600  0.00000e+00
2026070312 2026070604     6032      650  0.00000e+00
2026070312 2026070604     6032      700  0.00000e+00
2026070312 2026070604     6032      750  0.00000e+00
2026070312 2026070604     6032      800  0.00000e+00
2026070312 2026070604     6032      850  0.00000e+00
2026070312 2026070604     6032      875  0.00000e+00
2026070312 2026070604     6032      900  0.00000e+00
2026070312 2026070604     6032      925  0.00000e+00
2026070312 2026070604     6032      950  0.00000e+00
2026070312 2026070604     6032      975  0.00000e+00
2026070312 2026070604     6032     1000  7.19909e-01
2026070312 2026070605     6032       50  0.00000e+00
2026070312 2026070605     6032       70  0.00000e+00
2026070312 2026070605     6032      100  0.00000e+00
2026070312 2026070605     6032      150  0.00000e+00
2026070312 2026070605     6032      200  0.00000e+00
2026070312 2026070605     6032      250  0.00000e+00
2026070312 2026070605     6032      300  0.00000e+00
2026070312 2026070605     6032      350  0.00000e+00
2026070312 2026070605     6032      400  2.52612e-02
2026070312 2026070605     6032      450  4.70159e-01
2026070312 2026070605     6032      500  8.62736e-01
2026070312 2026070605     6032      550  3.06340e-01
2026070312 2026070605     6032      600  0.00000e+00
2026070312 2026070605     6032      650  0.00000e+00
2026070312 2026070605     6032      700  0.00000e+00
2026070312 2026070605     6032      750  0.00000e+00
2026070312 2026070605     6032      800  0.00000e+00
2026070312 2026070605     6032      850  0.00000e+00
2026070312 2026070605     6032      875  0.00000e+00
2026070312 2026070605     6032      900  0.00000e+00
2026070312 2026070605     6032      925  0.00000e+00
2026070312 2026070605     6032      950  0.00000e+00
2026070312 2026070605     6032      975  0.00000e+00
2026070312 2026070605     6032     1000  0.00000e+00
2026070312 2026070606     6032       50  0.00000e+00
2026070312 2026070606     6032       70  0.00000e+00
2026070312 2026070606     6032      100  0.00000e+00
2026070312 2026070606     6032      150  0.00000e+00
2026070312 2026070606     6032      200  0.00000e+00
2026070312 2026070606     6032      250  0.00000e+00
2026070312 2026070606     6032      300  0.00000e+00
2026070312 2026070606     6032      350  0.00000e+00
2026070312 2026070606     6032      400  0.00000e+00
2026070312 2026070606     6032      450  1.88588e-01
2026070312 2026070606     6032      500  1.00000e+00
2026070312 2026070606     6032      550  9.66799e-01
2026070312 2026070606     6032      600  5.74429e-01
2026070312 2026070606     6032      650  0.00000e+00
2026070312 2026070606     6032      700  0.00000e+00
2026070312 2026070606     6032      750  0.00000e+00
2026070312 2026070606     6032      800  0.00000e+00
2026070312 2026070606     6032      850  0.00000e+00
2026070312 2026070606     6032      875  0.00000e+00
2026070312 2026070606     6032      900  0.00000e+00
2026070312 2026070606     6032      925  0.00000e+00
2026070312 2026070606     6032      950  0.00000e+00
2026070312 2026070606     6032      975  0.00000e+00
2026070312 2026070606     6032     1000  0.00000e+00
2026070312 2026070607     6032       50  0.00000e+00
2026070312 2026070607     6032       70  0.00000e+00
2026070312 2026070607     6032      100  0.00000e+00
2026070312 2026070607     6032      150  0.00000e+00
2026070312 2026070607     6032      200  0.00000e+00
2026070312 2026070607     6032      250  0.00000e+00
2026070312 2026070607     6032      300  0.00000e+00
2026070312 2026070607     6032      350  0.00000e+00
2026070312 2026070607     6032      400  0.00000e+00
2026070312 2026070607     6032      450  1.88169e-01
2026070312 2026070607     6032      500  9.99742e-01
2026070312 2026070607     6032      550  9.98898e-01
2026070312 2026070607     6032      600  9.98742e-01
2026070312 2026070607     6032      650  5.70171e-01
2026070312 2026070607     6032      700  0.00000e+00
2026070312 2026070607     6032      750  0.00000e+00
2026070312 2026070607     6032      800  0.00000e+00
2026070312 2026070607     6032      850  0.00000e+00
2026070312 2026070607     6032      875  0.00000e+00
2026070312 2026070607     6032      900  0.00000e+00
2026070312 2026070607     6032      925  0.00000e+00
2026070312 2026070607     6032      950  0.00000e+00
2026070312 2026070607     6032      975  0.00000e+00
2026070312 2026070607     6032     1000  0.00000e+00
2026070312 2026070608     6032       50  0.00000e+00
2026070312 2026070608     6032       70  0.00000e+00
2026070312 2026070608     6032      100  0.00000e+00
2026070312 2026070608     6032      150  0.00000e+00
2026070312 2026070608     6032      200  0.00000e+00
2026070312 2026070608     6032      250  0.00000e+00
2026070312 2026070608     6032      300  0.00000e+00
2026070312 2026070608     6032      350  0.00000e+00
2026070312 2026070608     6032      400  0.00000e+00
2026070312 2026070608     6032      450  0.00000e+00
2026070312 2026070608     6032      500  2.42123e-01
2026070312 2026070608     6032      550  7.07381e-01
2026070312 2026070608     6032      600  0.00000e+00
2026070312 2026070608     6032      650  0.00000e+00
2026070312 2026070608     6032      700  0.00000e+00
2026070312 2026070608     6032      750  0.00000e+00
2026070312 2026070608     6032      800  0.00000e+00
2026070312 2026070608     6032      850  0.00000e+00
2026070312 2026070608     6032      875  0.00000e+00
2026070312 2026070608     6032      900  0.00000e+00
2026070312 2026070608     6032      925  0.00000e+00
2026070312 2026070608     6032      950  0.00000e+00
2026070312 2026070608     6032      975  0.00000e+00
2026070312 2026070608     6032     1000  0.00000e+00
2026070312 2026070609     6032       50  0.00000e+00
2026070312 2026070609     6032       70  0.00000e+00
2026070312 2026070609     6032      100  0.00000e+00
2026070312 2026070609     6032      150  0.00000e+00
2026070312 2026070609     6032      200  0.00000e+00
2026070312 2026070609     6032      250  0.00000e+00
2026070312 2026070609     6032      300  0.00000e+00
2026070312 2026070609     6032      350  0.00000e+00
2026070312 2026070609     6032      400  0.00000e+00
2026070312 2026070609     6032      450  0.00000e+00
2026070312 2026070609     6032      500  2.44017e-01
2026070312 2026070609     6032      550  7.04902e-01
2026070312 2026070609     6032      600  0.00000e+00
2026070312 2026070609     6032      650  0.00000e+00
2026070312 2026070609     6032      700  5.31753e-01
2026070312 2026070609     6032      750  9.87018e-01
2026070312 2026070609     6032      800  1.00475e-01
2026070312 2026070609     6032      850  0.00000e+00
2026070312 2026070609     6032      875  0.00000e+00
2026070312 2026070609     6032      900  0.00000e+00
2026070312 2026070609     6032      925  0.00000e+00
2026070312 2026070609     6032      950  0.00000e+00
2026070312 2026070609     6032      975  0.00000e+00
2026070312 2026070609     6032     1000  0.00000e+00
2026070312 2026070610     6032       50  0.00000e+00
2026070312 2026070610     6032       70  0.00000e+00
2026070312 2026070610     6032      100  0.00000e+00
2026070312 2026070610     6032      150  0.00000e+00
2026070312 2026070610     6032      200  0.00000e+00
2026070312 2026070610     6032      250  0.00000e+00
2026070312 2026070610     6032      300  0.00000e+00
2026070312 2026070610     6032      350  0.00000e+00
2026070312 2026070610     6032      400  0.00000e+00
2026070312 2026070610     6032      450  0.00000e+00
2026070312 2026070610     6032      500  0.00000e+00
2026070312 2026070610     6032      550  0.00000e+00
2026070312 2026070610     6032      600  0.00000e+00
2026070312 2026070610     6032      650  0.00000e+00
2026070312 2026070610     6032      700  0.00000e+00
2026070312 2026070610     6032      750  0.00000e+00
2026070312 2026070610     6032      800  0.00000e+00
2026070312 2026070610     6032      850  0.00000e+00
2026070312 2026070610     6032      875  0.00000e+00
2026070312 2026070610     6032      900  0.00000e+00
2026070312 2026070610     6032      925  0.00000e+00
2026070312 2026070610     6032      950  0.00000e+00
2026070312 2026070610     6032      975  0.00000e+00
2026070312 2026070610     6032     1000  0.00000e+00
2026070312 2026070611     6032       50  0.00000e+00
2026070312 2026070611     6032       70  0.00000e+00
2026070312 2026070611     6032      100  0.00000e+00
2026070312 2026070611     6032      150  0.00000e+00
2026070312 2026070611     6032      200  0.00000e+00
2026070312 2026070611     6032      250  0.00000e+00
2026070312 2026070611     6032      300  0.00000e+00
2026070312 2026070611     6032      350  0.00000e+00
2026070312 2026070611     6032      400  0.00000e+00
2026070312 2026070611     6032      450  0.00000e+00
2026070312 2026070611     6032      500  0.00000e+00
2026070312 2026070611     6032      550  0.00000e+00
2026070312 2026070611     6032      600  0.00000e+00
2026070312 2026070611     6032      650  0.00000e+00
2026070312 2026070611     6032      700  0.00000e+00
2026070312 2026070611     6032      750  0.00000e+00
2026070312 2026070611     6032      800  0.00000e+00
2026070312 2026070611     6032      850  0.00000e+00
2026070312 2026070611     6032      875  0.00000e+00
2026070312 2026070611     6032      900  0.00000e+00
2026070312 2026070611     6032      925  0.00000e+00
2026070312 2026070611     6032      950  0.00000e+00
2026070312 2026070611     6032      975  0.00000e+00
2026070312 2026070611     6032     1000  0.00000e+00
2026070312 2026070612     6032       50  0.00000e+00
2026070312 2026070612     6032       70  0.00000e+00
2026070312 2026070612     6032      100  0.00000e+00
2026070312 2026070612     6032      150  1.65538e-01
2026070312 2026070612     6032      200  0.00000e+00
2026070312 2026070612     6032      250  0.00000e+00
2026070312 2026070612     6032      300  0.00000e+00
2026070312 2026070612     6032      350  0.00000e+00
2026070312 2026070612     6032      400  0.00000e+00
2026070312 2026070612     6032      450  0.00000e+00
2026070312 2026070612     6032      500  0.00000e+00
2026070312 2026070612     6032      550  2.85378e-01
2026070312 2026070612     6032      600  6.57312e-01
2026070312 2026070612     6032      650  0.00000e+00
2026070312 2026070612     6032      700  0.00000e+00
2026070312 2026070612     6032      750  0.00000e+00
2026070312 2026070612     6032      800  6.03642e-01
2026070312 2026070612     6032      850  0.00000e+00
2026070312 2026070612     6032      875  0.00000e+00
2026070312 2026070612     6032      900  0.00000e+00
2026070312 2026070612     6032      925  0.00000e+00
2026070312 2026070612     6032      950  0.00000e+00
2026070312 2026070612     6032      975  0.00000e+00
2026070312 2026070612     6032     1000  0.00000e+00
2026070312 2026070613     6032       50  0.00000e+00
2026070312 2026070613     6032       70  0.00000e+00
2026070312 2026070613     6032      100  0.00000e+00
2026070312 2026070613     6032      150  0.00000e+00
2026070312 2026070613     6032      200  0.00000e+00
2026070312 2026070613     6032      250  0.00000e+00
2026070312 2026070613     6032      300  0.00000e+00
2026070312 2026070613     6032      350  0.00000e+00
2026070312 2026070613     6032      400  0.00000e+00
2026070312 2026070613     6032      450  0.00000e+00
2026070312 2026070613     6032      500  0.00000e+00
2026070312 2026070613     6032      550  0.00000e+00
2026070312 2026070613     6032      600  0.00000e+00
2026070312 2026070613     6032      650  0.00000e+00
2026070312 2026070613     6032      700  0.00000e+00
2026070312 2026070613     6032      750  0.00000e+00
2026070312 2026070613     6032      800  0.00000e+00
2026070312 2026070613     6032      850  0.00000e+00
2026070312 2026070613     6032      875  0.00000e+00
2026070312 2026070613     6032      900  0.00000e+00
2026070312 2026070613     6032      925  0.00000e+00
2026070312 2026070613     6032      950  0.00000e+00
2026070312 2026070613     6032      975  0.00000e+00
2026070312 2026070613     6032     1000  0.00000e+00
2026070312 2026070614     6032       50  0.00000e+00
2026070312 2026070614     6032       70  0.00000e+00
2026070312 2026070614     6032      100  0.00000e+00
2026070312 2026070614     6032      150  0.00000e+00
2026070312 2026070614     6032      200  0.00000e+00
2026070312 2026070614     6032      250  0.00000e+00
2026070312 2026070614     6032      300  0.00000e+00
2026070312 2026070614     6032      350  0.00000e+00
2026070312 2026070614     6032      400  0.00000e+00
2026070312 2026070614     6032      450  0.00000e+00
2026070312 2026070614     6032      500  0.00000e+00
2026070312 2026070614     6032      550  0.00000e+00
2026070312 2026070614     6032      600  0.00000e+00
2026070312 2026070614     6032      650  0.00000e+00
2026070312 2026070614     6032      700  0.00000e+00
2026070312 2026070614     6032      750  0.00000e+00
2026070312 2026070614     6032      800  0.00000e+00
2026070312 2026070614     6032      850  0.00000e+00
2026070312 2026070614     6032      875  0.00000e+00
2026070312 2026070614     6032      900  0.00000e+00
2026070312 2026070614     6032      925  0.00000e+00
2026070312 2026070614     6032      950  0.00000e+00
2026070312 2026070614     6032      975  0.00000e+00
2026070312 2026070614     6032     1000  6.18088e-01
