2026070312 2026070315     6032       50  0.00000e+00
2026070312 2026070315     6032       70  0.00000e+00
2026070312 2026070315     6032      100  0.00000e+00
2026070312 2026070315     6032      150  1.00000e+00
2026070312 2026070315     6032      200  0.00000e+00
2026070312 2026070315     6032      250  0.00000e+00
2026070312 2026070315     6032      300  6.69646e-03
2026070312 2026070315     6032      350  8.12895e-01
2026070312 2026070315     6032      400  1.00000e+00
2026070312 2026070315     6032      450  1.00000e+00
2026070312 2026070315     6032      500  8.18085e-01
2026070312 2026070315     6032      550  1.37185e-01
2026070312 2026070315     6032      600  0.00000e+00
2026070312 2026070315     6032      650  0.00000e+00
2026070312 2026070315     6032      700  0.00000e+00
2026070312 2026070315     6032      750  0.00000e+00
2026070312 2026070315     6032      800  8.44298e-01
2026070312 2026070315     6032      850  9.96784e-01
2026070312 2026070315     6032      875  9.94307e-01
2026070312 2026070315     6032      900  9.15479e-01
2026070312 2026070315     6032      925  1.48456e-01
2026070312 2026070315     6032      950  0.00000e+00
2026070312 2026070315     6032      975  0.00000e+00
2026070312 2026070315     6032     1000  0.00000e+00
2026070312 2026070316     6032       50  0.00000e+00
2026070312 2026070316     6032       70  0.00000e+00
2026070312 2026070316     6032      100  0.00000e+00
2026070312 2026070316     6032      150  0.00000e+00
2026070312 2026070316     6032      200  0.00000e+00
2026070312 2026070316     6032      250  1.68452e-02
2026070312 2026070316     6032      300  1.00000e+00
2026070312 2026070316     6032      350  1.00000e+00
2026070312 2026070316     6032      400  1.00000e+00
2026070312 2026070316     6032      450  9.29273e-01
2026070312 2026070316     6032      500  5.58815e-01
2026070312 2026070316     6032      550  5.91082e-01
2026070312 2026070316     6032      600  6.71914e-01
2026070312 2026070316     6032      650  0.00000e+00
2026070312 2026070316     6032      700  0.00000e+00
2026070312 2026070316     6032      750  0.00000e+00
2026070312 2026070316     6032      800  0.00000e+00
2026070312 2026070316     6032      850  0.00000e+00
2026070312 2026070316     6032      875  0.00000e+00
2026070312 2026070316     6032      900  6.47426e-01
2026070312 2026070316     6032      925  9.20797e-01
2026070312 2026070316     6032      950  6.47970e-01
2026070312 2026070316     6032      975  0.00000e+00
2026070312 2026070316     6032     1000  0.00000e+00
2026070312 2026070317     6032       50  0.00000e+00
2026070312 2026070317     6032       70  0.00000e+00
2026070312 2026070317     6032      100  0.00000e+00
2026070312 2026070317     6032      150  0.00000e+00
2026070312 2026070317     6032      200  0.00000e+00
2026070312 2026070317     6032      250  8.69012e-03
2026070312 2026070317     6032      300  6.26335e-01
2026070312 2026070317     6032      350  1.00000e+00
2026070312 2026070317     6032      400  1.00000e+00
2026070312 2026070317     6032      450  1.00000e+00
2026070312 2026070317     6032      500  8.99179e-01
2026070312 2026070317     6032      550  4.03204e-01
2026070312 2026070317     6032      600  0.00000e+00
2026070312 2026070317     6032      650 -1.11022e-16
2026070312 2026070317     6032      700  0.00000e+00
2026070312 2026070317     6032      750  0.00000e+00
2026070312 2026070317     6032      800  0.00000e+00
2026070312 2026070317     6032      850  1.75137e-01
2026070312 2026070317     6032      875  7.72288e-01
2026070312 2026070317     6032      900  6.53098e-01
2026070312 2026070317     6032      925  9.15713e-01
2026070312 2026070317     6032      950  7.20395e-01
2026070312 2026070317     6032      975  0.00000e+00
2026070312 2026070317     6032     1000  0.00000e+00
2026070312 2026070318     6032       50  0.00000e+00
2026070312 2026070318     6032       70  0.00000e+00
2026070312 2026070318     6032      100  0.00000e+00
2026070312 2026070318     6032      150  0.00000e+00
2026070312 2026070318     6032      200  0.00000e+00
2026070312 2026070318     6032      250  0.00000e+00
2026070312 2026070318     6032      300  1.00000e+00
2026070312 2026070318     6032      350  1.00000e+00
2026070312 2026070318     6032      400  1.00000e+00
2026070312 2026070318     6032      450  1.00000e+00
2026070312 2026070318     6032      500  8.55344e-01
2026070312 2026070318     6032      550  2.65873e-01
2026070312 2026070318     6032      600  0.00000e+00
2026070312 2026070318     6032      650  0.00000e+00
2026070312 2026070318     6032      700  0.00000e+00
2026070312 2026070318     6032      750  0.00000e+00
2026070312 2026070318     6032      800  0.00000e+00
2026070312 2026070318     6032      850  0.00000e+00
2026070312 2026070318     6032      875  0.00000e+00
2026070312 2026070318     6032      900  7.63276e-01
2026070312 2026070318     6032      925  8.53150e-01
2026070312 2026070318     6032      950  8.45623e-01
2026070312 2026070318     6032      975  9.05801e-01
2026070312 2026070318     6032     1000  2.45859e-01
2026070312 2026070319     6032       50  0.00000e+00
2026070312 2026070319     6032       70  0.00000e+00
2026070312 2026070319     6032      100  0.00000e+00
2026070312 2026070319     6032      150  0.00000e+00
2026070312 2026070319     6032      200  0.00000e+00
2026070312 2026070319     6032      250  2.44188e-01
2026070312 2026070319     6032      300  1.00000e+00
2026070312 2026070319     6032      350  1.00000e+00
2026070312 2026070319     6032      400  1.00000e+00
2026070312 2026070319     6032      450  1.00000e+00
2026070312 2026070319     6032      500  7.88036e-01
2026070312 2026070319     6032      550  5.55097e-02
2026070312 2026070319     6032      600  0.00000e+00
2026070312 2026070319     6032      650  0.00000e+00
2026070312 2026070319     6032      700  0.00000e+00
2026070312 2026070319     6032      750  0.00000e+00
2026070312 2026070319     6032      800  0.00000e+00
2026070312 2026070319     6032      850  0.00000e+00
2026070312 2026070319     6032      875  5.00602e-03
2026070312 2026070319     6032      900  8.47665e-01
2026070312 2026070319     6032      925  7.82029e-01
2026070312 2026070319     6032      950  9.14348e-01
2026070312 2026070319     6032      975  8.97899e-01
2026070312 2026070319     6032     1000  2.00084e-01
2026070312 2026070320     6032       50  0.00000e+00
2026070312 2026070320     6032       70  0.00000e+00
2026070312 2026070320     6032      100  0.00000e+00
2026070312 2026070320     6032      150  0.00000e+00
2026070312 2026070320     6032      200  0.00000e+00
2026070312 2026070320     6032      250  0.00000e+00
2026070312 2026070320     6032      300  1.00000e+00
2026070312 2026070320     6032      350  1.00000e+00
2026070312 2026070320     6032      400  1.00000e+00
2026070312 2026070320     6032      450  1.00000e+00
2026070312 2026070320     6032      500  7.91193e-01
2026070312 2026070320     6032      550  6.20233e-02
2026070312 2026070320     6032      600  0.00000e+00
2026070312 2026070320     6032      650  0.00000e+00
2026070312 2026070320     6032      700  0.00000e+00
2026070312 2026070320     6032      750  0.00000e+00
2026070312 2026070320     6032      800  0.00000e+00
2026070312 2026070320     6032      850  0.00000e+00
2026070312 2026070320     6032      875  0.00000e+00
2026070312 2026070320     6032      900  5.69803e-01
2026070312 2026070320     6032      925  7.49900e-02
2026070312 2026070320     6032      950  9.35070e-01
2026070312 2026070320     6032      975  9.29766e-01
2026070312 2026070320     6032     1000  5.43343e-01
2026070312 2026070321     6032       50  0.00000e+00
2026070312 2026070321     6032       70  0.00000e+00
2026070312 2026070321     6032      100  0.00000e+00
2026070312 2026070321     6032      150  0.00000e+00
2026070312 2026070321     6032      200  0.00000e+00
2026070312 2026070321     6032      250  0.00000e+00
2026070312 2026070321     6032      300  1.00000e+00
2026070312 2026070321     6032      350  1.00000e+00
2026070312 2026070321     6032      400  1.00000e+00
2026070312 2026070321     6032      450  1.00000e+00
2026070312 2026070321     6032      500  1.00000e+00
2026070312 2026070321     6032      550  7.22147e-01
2026070312 2026070321     6032      600  0.00000e+00
2026070312 2026070321     6032      650  0.00000e+00
2026070312 2026070321     6032      700  0.00000e+00
2026070312 2026070321     6032      750  0.00000e+00
2026070312 2026070321     6032      800  0.00000e+00
2026070312 2026070321     6032      850  0.00000e+00
2026070312 2026070321     6032      875  0.00000e+00
2026070312 2026070321     6032      900  0.00000e+00
2026070312 2026070321     6032      925  0.00000e+00
2026070312 2026070321     6032      950  8.48797e-01
2026070312 2026070321     6032      975  4.10286e-01
2026070312 2026070321     6032     1000  2.14215e-01
2026070312 2026070322     6032       50  0.00000e+00
2026070312 2026070322     6032       70  0.00000e+00
2026070312 2026070322     6032      100  0.00000e+00
2026070312 2026070322     6032      150  0.00000e+00
2026070312 2026070322     6032      200  0.00000e+00
2026070312 2026070322     6032      250  0.00000e+00
2026070312 2026070322     6032      300  3.62127e-01
2026070312 2026070322     6032      350  1.00000e+00
2026070312 2026070322     6032      400  1.00000e+00
2026070312 2026070322     6032      450  1.00000e+00
2026070312 2026070322     6032      500  7.98902e-01
2026070312 2026070322     6032      550  9.48339e-02
2026070312 2026070322     6032      600  0.00000e+00
2026070312 2026070322     6032      650  0.00000e+00
2026070312 2026070322     6032      700  0.00000e+00
2026070312 2026070322     6032      750  0.00000e+00
2026070312 2026070322     6032      800  0.00000e+00
2026070312 2026070322     6032      850  0.00000e+00
2026070312 2026070322     6032      875  0.00000e+00
2026070312 2026070322     6032      900  0.00000e+00
2026070312 2026070322     6032      925  0.00000e+00
2026070312 2026070322     6032      950  1.45228e-01
2026070312 2026070322     6032      975  8.76885e-01
2026070312 2026070322     6032     1000  0.00000e+00
2026070312 2026070323     6032       50  0.00000e+00
2026070312 2026070323     6032       70  0.00000e+00
2026070312 2026070323     6032      100  0.00000e+00
2026070312 2026070323     6032      150  0.00000e+00
2026070312 2026070323     6032      200  0.00000e+00
2026070312 2026070323     6032      250  0.00000e+00
2026070312 2026070323     6032      300  4.50860e-02
2026070312 2026070323     6032      350  8.34381e-01
2026070312 2026070323     6032      400  1.00000e+00
2026070312 2026070323     6032      450  8.64399e-01
2026070312 2026070323     6032      500  1.89818e-01
2026070312 2026070323     6032      550  3.00351e-02
2026070312 2026070323     6032      600  0.00000e+00
2026070312 2026070323     6032      650  0.00000e+00
2026070312 2026070323     6032      700  0.00000e+00
2026070312 2026070323     6032      750  0.00000e+00
2026070312 2026070323     6032      800  0.00000e+00
2026070312 2026070323     6032      850  0.00000e+00
2026070312 2026070323     6032      875  0.00000e+00
2026070312 2026070323     6032      900  0.00000e+00
2026070312 2026070323     6032      925  0.00000e+00
2026070312 2026070323     6032      950  0.00000e+00
2026070312 2026070323     6032      975  0.00000e+00
2026070312 2026070323     6032     1000  0.00000e+00
2026070312 2026070400     6032       50  0.00000e+00
2026070312 2026070400     6032       70  0.00000e+00
2026070312 2026070400     6032      100  0.00000e+00
2026070312 2026070400     6032      150  0.00000e+00
2026070312 2026070400     6032      200  0.00000e+00
2026070312 2026070400     6032      250  0.00000e+00
2026070312 2026070400     6032      300  6.45816e-03
2026070312 2026070400     6032      350  8.13055e-01
2026070312 2026070400     6032      400  1.00000e+00
2026070312 2026070400     6032      450  8.41110e-01
2026070312 2026070400     6032      500  6.68967e-02
2026070312 2026070400     6032      550  0.00000e+00
2026070312 2026070400     6032      600  0.00000e+00
2026070312 2026070400     6032      650  0.00000e+00
2026070312 2026070400     6032      700  0.00000e+00
2026070312 2026070400     6032      750  0.00000e+00
2026070312 2026070400     6032      800  0.00000e+00
2026070312 2026070400     6032      850  0.00000e+00
2026070312 2026070400     6032      875  0.00000e+00
2026070312 2026070400     6032      900  0.00000e+00
2026070312 2026070400     6032      925  0.00000e+00
2026070312 2026070400     6032      950  0.00000e+00
2026070312 2026070400     6032      975  5.56206e-01
2026070312 2026070400     6032     1000  0.00000e+00
2026070312 2026070401     6032       50  0.00000e+00
2026070312 2026070401     6032       70  0.00000e+00
2026070312 2026070401     6032      100  0.00000e+00
2026070312 2026070401     6032      150  0.00000e+00
2026070312 2026070401     6032      200  0.00000e+00
2026070312 2026070401     6032      250  0.00000e+00
2026070312 2026070401     6032      300  1.90535e-02
2026070312 2026070401     6032      350  8.19936e-01
2026070312 2026070401     6032      400  1.00000e+00
2026070312 2026070401     6032      450  8.28830e-01
2026070312 2026070401     6032      500  1.88407e-02
2026070312 2026070401     6032      550  0.00000e+00
2026070312 2026070401     6032      600  0.00000e+00
2026070312 2026070401     6032      650  0.00000e+00
2026070312 2026070401     6032      700  0.00000e+00
2026070312 2026070401     6032      750  0.00000e+00
2026070312 2026070401     6032      800  0.00000e+00
2026070312 2026070401     6032      850  0.00000e+00
2026070312 2026070401     6032      875  0.00000e+00
2026070312 2026070401     6032      900  0.00000e+00
2026070312 2026070401     6032      925  0.00000e+00
2026070312 2026070401     6032      950  0.00000e+00
2026070312 2026070401     6032      975  0.00000e+00
2026070312 2026070401     6032     1000  0.00000e+00
2026070312 2026070402     6032       50  0.00000e+00
2026070312 2026070402     6032       70  0.00000e+00
2026070312 2026070402     6032      100  0.00000e+00
2026070312 2026070402     6032      150  0.00000e+00
2026070312 2026070402     6032      200  0.00000e+00
2026070312 2026070402     6032      250  1.91430e-02
2026070312 2026070402     6032      300  1.00000e+00
2026070312 2026070402     6032      350  1.00000e+00
2026070312 2026070402     6032      400  9.82840e-02
2026070312 2026070402     6032      450  9.09722e-03
2026070312 2026070402     6032      500  0.00000e+00
2026070312 2026070402     6032      550  0.00000e+00
2026070312 2026070402     6032      600  0.00000e+00
2026070312 2026070402     6032      650  0.00000e+00
2026070312 2026070402     6032      700  0.00000e+00
2026070312 2026070402     6032      750  0.00000e+00
2026070312 2026070402     6032      800  0.00000e+00
2026070312 2026070402     6032      850  0.00000e+00
2026070312 2026070402     6032      875  0.00000e+00
2026070312 2026070402     6032      900  0.00000e+00
2026070312 2026070402     6032      925  0.00000e+00
2026070312 2026070402     6032      950  0.00000e+00
2026070312 2026070402     6032      975  5.13066e-01
2026070312 2026070402     6032     1000  2.57061e-01
2026070312 2026070403     6032       50  0.00000e+00
2026070312 2026070403     6032       70  0.00000e+00
2026070312 2026070403     6032      100  0.00000e+00
2026070312 2026070403     6032      150  8.34940e-01
2026070312 2026070403     6032      200  0.00000e+00
2026070312 2026070403     6032      250  0.00000e+00
2026070312 2026070403     6032      300  0.00000e+00
2026070312 2026070403     6032      350  0.00000e+00
2026070312 2026070403     6032      400  0.00000e+00
2026070312 2026070403     6032      450  0.00000e+00
2026070312 2026070403     6032      500  2.24039e-01
2026070312 2026070403     6032      550  7.08967e-01
2026070312 2026070403     6032      600  0.00000e+00
2026070312 2026070403     6032      650  0.00000e+00
2026070312 2026070403     6032      700  0.00000e+00
2026070312 2026070403     6032      750  0.00000e+00
2026070312 2026070403     6032      800  0.00000e+00
2026070312 2026070403     6032      850  0.00000e+00
2026070312 2026070403     6032      875  0.00000e+00
2026070312 2026070403     6032      900  0.00000e+00
2026070312 2026070403     6032      925  0.00000e+00
2026070312 2026070403     6032      950  0.00000e+00
2026070312 2026070403     6032      975  6.84630e-01
2026070312 2026070403     6032     1000  6.96850e-01
2026070312 2026070404     6032       50  0.00000e+00
2026070312 2026070404     6032       70  0.00000e+00
2026070312 2026070404     6032      100  0.00000e+00
2026070312 2026070404     6032      150  0.00000e+00
2026070312 2026070404     6032      200  0.00000e+00
2026070312 2026070404     6032      250  0.00000e+00
2026070312 2026070404     6032      300  0.00000e+00
2026070312 2026070404     6032      350  0.00000e+00
2026070312 2026070404     6032      400  0.00000e+00
2026070312 2026070404     6032      450  0.00000e+00
2026070312 2026070404     6032      500  0.00000e+00
2026070312 2026070404     6032      550  0.00000e+00
2026070312 2026070404     6032      600  0.00000e+00
2026070312 2026070404     6032      650  0.00000e+00
2026070312 2026070404     6032      700  0.00000e+00
2026070312 2026070404     6032      750  0.00000e+00
2026070312 2026070404     6032      800  0.00000e+00
2026070312 2026070404     6032      850  0.00000e+00
2026070312 2026070404     6032      875  0.00000e+00
2026070312 2026070404     6032      900  0.00000e+00
2026070312 2026070404     6032      925  0.00000e+00
2026070312 2026070404     6032      950  0.00000e+00
2026070312 2026070404     6032      975  0.00000e+00
2026070312 2026070404     6032     1000  0.00000e+00
2026070312 2026070405     6032       50  0.00000e+00
2026070312 2026070405     6032       70  0.00000e+00
2026070312 2026070405     6032      100  0.00000e+00
2026070312 2026070405     6032      150  0.00000e+00
2026070312 2026070405     6032      200  0.00000e+00
2026070312 2026070405     6032      250  0.00000e+00
2026070312 2026070405     6032      300  0.00000e+00
2026070312 2026070405     6032      350  0.00000e+00
2026070312 2026070405     6032      400  6.61818e-02
2026070312 2026070405     6032      450  1.00000e+00
2026070312 2026070405     6032      500  9.99750e-01
2026070312 2026070405     6032      550  9.98862e-01
2026070312 2026070405     6032      600  9.78098e-01
2026070312 2026070405     6032      650  5.54208e-01
2026070312 2026070405     6032      700  0.00000e+00
2026070312 2026070405     6032      750  0.00000e+00
2026070312 2026070405     6032      800  0.00000e+00
2026070312 2026070405     6032      850  0.00000e+00
2026070312 2026070405     6032      875  0.00000e+00
2026070312 2026070405     6032      900  0.00000e+00
2026070312 2026070405     6032      925  0.00000e+00
2026070312 2026070405     6032      950  0.00000e+00
2026070312 2026070405     6032      975  0.00000e+00
2026070312 2026070405     6032     1000  0.00000e+00
2026070312 2026070406     6032       50  0.00000e+00
2026070312 2026070406     6032       70  0.00000e+00
2026070312 2026070406     6032      100  0.00000e+00
2026070312 2026070406     6032      150  0.00000e+00
2026070312 2026070406     6032      200  5.19731e-01
2026070312 2026070406     6032      250  0.00000e+00
2026070312 2026070406     6032      300  0.00000e+00
2026070312 2026070406     6032      350  0.00000e+00
2026070312 2026070406     6032      400  1.67639e-02
2026070312 2026070406     6032      450  3.83085e-01
2026070312 2026070406     6032      500  1.00000e+00
2026070312 2026070406     6032      550  9.88958e-01
2026070312 2026070406     6032      600  6.35157e-01
2026070312 2026070406     6032      650  0.00000e+00
2026070312 2026070406     6032      700  0.00000e+00
2026070312 2026070406     6032      750  0.00000e+00
2026070312 2026070406     6032      800  0.00000e+00
2026070312 2026070406     6032      850  0.00000e+00
2026070312 2026070406     6032      875  0.00000e+00
2026070312 2026070406     6032      900  0.00000e+00
2026070312 2026070406     6032      925  0.00000e+00
2026070312 2026070406     6032      950  0.00000e+00
2026070312 2026070406     6032      975  0.00000e+00
2026070312 2026070406     6032     1000  0.00000e+00
2026070312 2026070407     6032       50  0.00000e+00
2026070312 2026070407     6032       70  0.00000e+00
2026070312 2026070407     6032      100  0.00000e+00
2026070312 2026070407     6032      150  0.00000e+00
2026070312 2026070407     6032      200  0.00000e+00
2026070312 2026070407     6032      250  0.00000e+00
2026070312 2026070407     6032      300  0.00000e+00
2026070312 2026070407     6032      350  0.00000e+00
2026070312 2026070407     6032      400  8.28815e-03
2026070312 2026070407     6032      450  2.81682e-01
2026070312 2026070407     6032      500  1.00000e+00
2026070312 2026070407     6032      550  9.99683e-01
2026070312 2026070407     6032      600  7.22169e-01
2026070312 2026070407     6032      650  1.04288e-01
2026070312 2026070407     6032      700  0.00000e+00
2026070312 2026070407     6032      750  0.00000e+00
2026070312 2026070407     6032      800  0.00000e+00
2026070312 2026070407     6032      850  0.00000e+00
2026070312 2026070407     6032      875  0.00000e+00
2026070312 2026070407     6032      900  0.00000e+00
2026070312 2026070407     6032      925  0.00000e+00
2026070312 2026070407     6032      950  0.00000e+00
2026070312 2026070407     6032      975  0.00000e+00
2026070312 2026070407     6032     1000  0.00000e+00
2026070312 2026070408     6032       50  0.00000e+00
2026070312 2026070408     6032       70  0.00000e+00
2026070312 2026070408     6032      100  0.00000e+00
2026070312 2026070408     6032      150  0.00000e+00
2026070312 2026070408     6032      200  0.00000e+00
2026070312 2026070408     6032      250  0.00000e+00
2026070312 2026070408     6032      300  0.00000e+00
2026070312 2026070408     6032      350  0.00000e+00
2026070312 2026070408     6032      400  0.00000e+00
2026070312 2026070408     6032      450  1.78329e-01
2026070312 2026070408     6032      500  1.00000e+00
2026070312 2026070408     6032      550  8.26006e-01
2026070312 2026070408     6032      600  2.49787e-01
2026070312 2026070408     6032      650 -1.11022e-16
2026070312 2026070408     6032      700  0.00000e+00
2026070312 2026070408     6032      750  0.00000e+00
2026070312 2026070408     6032      800  0.00000e+00
2026070312 2026070408     6032      850  0.00000e+00
2026070312 2026070408     6032      875  0.00000e+00
2026070312 2026070408     6032      900  0.00000e+00
2026070312 2026070408     6032      925  0.00000e+00
2026070312 2026070408     6032      950  0.00000e+00
2026070312 2026070408     6032      975  0.00000e+00
2026070312 2026070408     6032     1000  0.00000e+00
2026070312 2026070409     6032       50  0.00000e+00
2026070312 2026070409     6032       70  0.00000e+00
2026070312 2026070409     6032      100  0.00000e+00
2026070312 2026070409     6032      150  4.21301e-02
2026070312 2026070409     6032      200  8.24604e-01
2026070312 2026070409     6032      250  7.71578e-01
2026070312 2026070409     6032      300  7.58626e-01
2026070312 2026070409     6032      350  6.84134e-01
2026070312 2026070409     6032      400  5.84658e-01
2026070312 2026070409     6032      450  4.35253e-01
2026070312 2026070409     6032      500  4.44486e-01
2026070312 2026070409     6032      550  4.48857e-01
2026070312 2026070409     6032      600  1.19973e-02
2026070312 2026070409     6032      650  0.00000e+00
2026070312 2026070409     6032      700  2.28316e-01
2026070312 2026070409     6032      750  1.53242e-01
2026070312 2026070409     6032      800  0.00000e+00
2026070312 2026070409     6032      850  0.00000e+00
2026070312 2026070409     6032      875  0.00000e+00
2026070312 2026070409     6032      900  0.00000e+00
2026070312 2026070409     6032      925  0.00000e+00
2026070312 2026070409     6032      950  0.00000e+00
2026070312 2026070409     6032      975  0.00000e+00
2026070312 2026070409     6032     1000  0.00000e+00
2026070312 2026070410     6032       50  0.00000e+00
2026070312 2026070410     6032       70  0.00000e+00
2026070312 2026070410     6032      100  0.00000e+00
2026070312 2026070410     6032      150  0.00000e+00
2026070312 2026070410     6032      200  0.00000e+00
2026070312 2026070410     6032      250  0.00000e+00
2026070312 2026070410     6032      300  6.62378e-02
2026070312 2026070410     6032      350  8.46409e-01
2026070312 2026070410     6032      400  1.00000e+00
2026070312 2026070410     6032      450  1.00000e+00
2026070312 2026070410     6032      500  1.00000e+00
2026070312 2026070410     6032      550  9.20693e-01
2026070312 2026070410     6032      600  4.74600e-01
2026070312 2026070410     6032      650  0.00000e+00
2026070312 2026070410     6032      700  0.00000e+00
2026070312 2026070410     6032      750  0.00000e+00
2026070312 2026070410     6032      800  0.00000e+00
2026070312 2026070410     6032      850  0.00000e+00
2026070312 2026070410     6032      875  0.00000e+00
2026070312 2026070410     6032      900  0.00000e+00
2026070312 2026070410     6032      925  0.00000e+00
2026070312 2026070410     6032      950  0.00000e+00
2026070312 2026070410     6032      975  0.00000e+00
2026070312 2026070410     6032     1000  4.39695e-01
2026070312 2026070411     6032       50  0.00000e+00
2026070312 2026070411     6032       70  0.00000e+00
2026070312 2026070411     6032      100  0.00000e+00
2026070312 2026070411     6032      150  0.00000e+00
2026070312 2026070411     6032      200  0.00000e+00
2026070312 2026070411     6032      250  0.00000e+00
2026070312 2026070411     6032      300  0.00000e+00
2026070312 2026070411     6032      350  0.00000e+00
2026070312 2026070411     6032      400  7.60077e-02
2026070312 2026070411     6032      450  1.00000e+00
2026070312 2026070411     6032      500  9.99729e-01
2026070312 2026070411     6032      550  9.97379e-01
2026070312 2026070411     6032      600  6.59808e-01
2026070312 2026070411     6032      650  0.00000e+00
2026070312 2026070411     6032      700  0.00000e+00
2026070312 2026070411     6032      750  0.00000e+00
2026070312 2026070411     6032      800  0.00000e+00
2026070312 2026070411     6032      850  0.00000e+00
2026070312 2026070411     6032      875  0.00000e+00
2026070312 2026070411     6032      900  0.00000e+00
2026070312 2026070411     6032      925  0.00000e+00
2026070312 2026070411     6032      950  0.00000e+00
2026070312 2026070411     6032      975  0.00000e+00
2026070312 2026070411     6032     1000  0.00000e+00
2026070312 2026070412     6032       50  0.00000e+00
2026070312 2026070412     6032       70  0.00000e+00
2026070312 2026070412     6032      100  0.00000e+00
2026070312 2026070412     6032      150  0.00000e+00
2026070312 2026070412     6032      200  0.00000e+00
2026070312 2026070412     6032      250  0.00000e+00
2026070312 2026070412     6032      300  0.00000e+00
2026070312 2026070412     6032      350  0.00000e+00
2026070312 2026070412     6032      400  1.80610e-02
2026070312 2026070412     6032      450  4.07891e-01
2026070312 2026070412     6032      500  9.99703e-01
2026070312 2026070412     6032      550  8.21560e-01
2026070312 2026070412     6032      600  2.39734e-01
2026070312 2026070412     6032      650  0.00000e+00
2026070312 2026070412     6032      700  0.00000e+00
2026070312 2026070412     6032      750  0.00000e+00
2026070312 2026070412     6032      800  0.00000e+00
2026070312 2026070412     6032      850  0.00000e+00
2026070312 2026070412     6032      875  0.00000e+00
2026070312 2026070412     6032      900  0.00000e+00
2026070312 2026070412     6032      925  0.00000e+00
2026070312 2026070412     6032      950  0.00000e+00
2026070312 2026070412     6032      975  0.00000e+00
2026070312 2026070412     6032     1000  0.00000e+00
2026070312 2026070413     6032       50  0.00000e+00
2026070312 2026070413     6032       70  0.00000e+00
2026070312 2026070413     6032      100  0.00000e+00
2026070312 2026070413     6032      150  0.00000e+00
2026070312 2026070413     6032      200  0.00000e+00
2026070312 2026070413     6032      250  0.00000e+00
2026070312 2026070413     6032      300  0.00000e+00
2026070312 2026070413     6032      350  0.00000e+00
2026070312 2026070413     6032      400  0.00000e+00
2026070312 2026070413     6032      450  3.05521e-03
2026070312 2026070413     6032      500  2.44455e-01
2026070312 2026070413     6032      550  7.20825e-01
2026070312 2026070413     6032      600  0.00000e+00
2026070312 2026070413     6032      650  0.00000e+00
2026070312 2026070413     6032      700  0.00000e+00
2026070312 2026070413     6032      750  0.00000e+00
2026070312 2026070413     6032      800  0.00000e+00
2026070312 2026070413     6032      850  0.00000e+00
2026070312 2026070413     6032      875  0.00000e+00
2026070312 2026070413     6032      900  0.00000e+00
2026070312 2026070413     6032      925  0.00000e+00
2026070312 2026070413     6032      950  0.00000e+00
2026070312 2026070413     6032      975  0.00000e+00
2026070312 2026070413     6032     1000  0.00000e+00
2026070312 2026070414     6032       50  0.00000e+00
2026070312 2026070414     6032       70  0.00000e+00
2026070312 2026070414     6032      100  0.00000e+00
2026070312 2026070414     6032      150  0.00000e+00
2026070312 2026070414     6032      200  0.00000e+00
2026070312 2026070414     6032      250  0.00000e+00
2026070312 2026070414     6032      300  0.00000e+00
2026070312 2026070414     6032      350  0.00000e+00
2026070312 2026070414     6032      400  6.50910e-02
2026070312 2026070414     6032      450  1.00000e+00
2026070312 2026070414     6032      500  7.69121e-01
2026070312 2026070414     6032      550  0.00000e+00
2026070312 2026070414     6032      600  0.00000e+00
2026070312 2026070414     6032      650  0.00000e+00
2026070312 2026070414     6032      700  0.00000e+00
2026070312 2026070414     6032      750  0.00000e+00
2026070312 2026070414     6032      800  0.00000e+00
2026070312 2026070414     6032      850  0.00000e+00
2026070312 2026070414     6032      875  0.00000e+00
2026070312 2026070414     6032      900  0.00000e+00
2026070312 2026070414     6032      925  0.00000e+00
2026070312 2026070414     6032      950  0.00000e+00
2026070312 2026070414     6032      975  0.00000e+00
2026070312 2026070414     6032     1000  0.00000e+00
