2026070312 2026070515     6032       50  0.00000e+00
2026070312 2026070515     6032       70  0.00000e+00
2026070312 2026070515     6032      100  0.00000e+00
2026070312 2026070515     6032      150  1.00000e+00
2026070312 2026070515     6032      200  0.00000e+00
2026070312 2026070515     6032      250  0.00000e+00
2026070312 2026070515     6032      300  0.00000e+00
2026070312 2026070515     6032      350  0.00000e+00
2026070312 2026070515     6032      400  0.00000e+00
2026070312 2026070515     6032      450  0.00000e+00
2026070312 2026070515     6032      500  0.00000e+00
2026070312 2026070515     6032      550  0.00000e+00
2026070312 2026070515     6032      600  0.00000e+00
2026070312 2026070515     6032      650  0.00000e+00
2026070312 2026070515     6032      700  0.00000e+00
2026070312 2026070515     6032      750  0.00000e+00
2026070312 2026070515     6032      800  0.00000e+00
2026070312 2026070515     6032      850  0.00000e+00
2026070312 2026070515     6032      875  0.00000e+00
2026070312 2026070515     6032      900  0.00000e+00
2026070312 2026070515     6032      925  0.00000e+00
2026070312 2026070515     6032      950  0.00000e+00
2026070312 2026070515     6032      975  0.00000e+00
2026070312 2026070515     6032     1000  0.00000e+00
2026070312 2026070516     6032       50  0.00000e+00
2026070312 2026070516     6032       70  0.00000e+00
2026070312 2026070516     6032      100  0.00000e+00
2026070312 2026070516     6032      150  1.65106e-01
2026070312 2026070516     6032      200  0.00000e+00
2026070312 2026070516     6032      250  0.00000e+00
2026070312 2026070516     6032      300  0.00000e+00
2026070312 2026070516     6032      350  0.00000e+00
2026070312 2026070516     6032      400  0.00000e+00
2026070312 2026070516     6032      450  0.00000e+00
2026070312 2026070516     6032      500  0.00000e+00
2026070312 2026070516     6032      550  0.00000e+00
2026070312 2026070516     6032      600  0.00000e+00
2026070312 2026070516     6032      650  0.00000e+00
2026070312 2026070516     6032      700  0.00000e+00
2026070312 2026070516     6032      750  0.00000e+00
2026070312 2026070516     6032      800  0.00000e+00
2026070312 2026070516     6032      850  0.00000e+00
2026070312 2026070516     6032      875  0.00000e+00
2026070312 2026070516     6032      900  0.00000e+00
2026070312 2026070516     6032      925  0.00000e+00
2026070312 2026070516     6032      950  0.00000e+00
2026070312 2026070516     6032      975  0.00000e+00
2026070312 2026070516     6032     1000  0.00000e+00
2026070312 2026070517     6032       50  0.00000e+00
2026070312 2026070517     6032       70  0.00000e+00
2026070312 2026070517     6032      100  0.00000e+00
2026070312 2026070517     6032      150  0.00000e+00
2026070312 2026070517     6032      200  0.00000e+00
2026070312 2026070517     6032      250  0.00000e+00
2026070312 2026070517     6032      300  0.00000e+00
2026070312 2026070517     6032      350  0.00000e+00
2026070312 2026070517     6032      400  0.00000e+00
2026070312 2026070517     6032      450  4.38346e-02
2026070312 2026070517     6032      500  1.83820e-01
2026070312 2026070517     6032      550  3.13304e-01
2026070312 2026070517     6032      600  8.70530e-01
2026070312 2026070517     6032      650  3.61823e-01
2026070312 2026070517     6032      700  0.00000e+00
2026070312 2026070517     6032      750  0.00000e+00
2026070312 2026070517     6032      800  0.00000e+00
2026070312 2026070517     6032      850  0.00000e+00
2026070312 2026070517     6032      875  0.00000e+00
2026070312 2026070517     6032      900  0.00000e+00
2026070312 2026070517     6032      925  0.00000e+00
2026070312 2026070517     6032      950  0.00000e+00
2026070312 2026070517     6032      975  0.00000e+00
2026070312 2026070517     6032     1000  0.00000e+00
2026070312 2026070518     6032       50  0.00000e+00
2026070312 2026070518     6032       70  0.00000e+00
2026070312 2026070518     6032      100  0.00000e+00
2026070312 2026070518     6032      150  8.34896e-01
2026070312 2026070518     6032      200  0.00000e+00
2026070312 2026070518     6032      250  0.00000e+00
2026070312 2026070518     6032      300  0.00000e+00
2026070312 2026070518     6032      350  0.00000e+00
2026070312 2026070518     6032      400  0.00000e+00
2026070312 2026070518     6032      450  1.89347e-01
2026070312 2026070518     6032      500  1.00000e+00
2026070312 2026070518     6032      550  9.99643e-01
2026070312 2026070518     6032      600  9.98486e-01
2026070312 2026070518     6032      650  5.58903e-01
2026070312 2026070518     6032      700  0.00000e+00
2026070312 2026070518     6032      750  0.00000e+00
2026070312 2026070518     6032      800  0.00000e+00
2026070312 2026070518     6032      850  0.00000e+00
2026070312 2026070518     6032      875  0.00000e+00
2026070312 2026070518     6032      900  0.00000e+00
2026070312 2026070518     6032      925  0.00000e+00
2026070312 2026070518     6032      950  0.00000e+00
2026070312 2026070518     6032      975  0.00000e+00
2026070312 2026070518     6032     1000  0.00000e+00
2026070312 2026070519     6032       50  0.00000e+00
2026070312 2026070519     6032       70  0.00000e+00
2026070312 2026070519     6032      100  0.00000e+00
2026070312 2026070519     6032      150  0.00000e+00
2026070312 2026070519     6032      200  0.00000e+00
2026070312 2026070519     6032      250  0.00000e+00
2026070312 2026070519     6032      300  0.00000e+00
2026070312 2026070519     6032      350  0.00000e+00
2026070312 2026070519     6032      400  0.00000e+00
2026070312 2026070519     6032      450  0.00000e+00
2026070312 2026070519     6032      500  0.00000e+00
2026070312 2026070519     6032      550  0.00000e+00
2026070312 2026070519     6032      600  0.00000e+00
2026070312 2026070519     6032      650  0.00000e+00
2026070312 2026070519     6032      700  0.00000e+00
2026070312 2026070519     6032      750  0.00000e+00
2026070312 2026070519     6032      800  0.00000e+00
2026070312 2026070519     6032      850 -1.38778e-17
2026070312 2026070519     6032      875  0.00000e+00
2026070312 2026070519     6032      900  0.00000e+00
2026070312 2026070519     6032      925  0.00000e+00
2026070312 2026070519     6032      950  0.00000e+00
2026070312 2026070519     6032      975  0.00000e+00
2026070312 2026070519     6032     1000  0.00000e+00
2026070312 2026070520     6032       50  0.00000e+00
2026070312 2026070520     6032       70  0.00000e+00
2026070312 2026070520     6032      100  0.00000e+00
2026070312 2026070520     6032      150  1.00000e+00
2026070312 2026070520     6032      200  0.00000e+00
2026070312 2026070520     6032      250  0.00000e+00
2026070312 2026070520     6032      300  0.00000e+00
2026070312 2026070520     6032      350  0.00000e+00
2026070312 2026070520     6032      400  0.00000e+00
2026070312 2026070520     6032      450  0.00000e+00
2026070312 2026070520     6032      500  0.00000e+00
2026070312 2026070520     6032      550  0.00000e+00
2026070312 2026070520     6032      600  0.00000e+00
2026070312 2026070520     6032      650  0.00000e+00
2026070312 2026070520     6032      700  0.00000e+00
2026070312 2026070520     6032      750  0.00000e+00
2026070312 2026070520     6032      800  0.00000e+00
2026070312 2026070520     6032      850  0.00000e+00
2026070312 2026070520     6032      875  0.00000e+00
2026070312 2026070520     6032      900  0.00000e+00
2026070312 2026070520     6032      925  0.00000e+00
2026070312 2026070520     6032      950  0.00000e+00
2026070312 2026070520     6032      975  0.00000e+00
2026070312 2026070520     6032     1000  0.00000e+00
2026070312 2026070521     6032       50  0.00000e+00
2026070312 2026070521     6032       70  0.00000e+00
2026070312 2026070521     6032      100  0.00000e+00
2026070312 2026070521     6032      150  0.00000e+00
2026070312 2026070521     6032      200  0.00000e+00
2026070312 2026070521     6032      250  0.00000e+00
2026070312 2026070521     6032      300  0.00000e+00
2026070312 2026070521     6032      350  0.00000e+00
2026070312 2026070521     6032      400  0.00000e+00
2026070312 2026070521     6032      450  0.00000e+00
2026070312 2026070521     6032      500  0.00000e+00
2026070312 2026070521     6032      550  2.92939e-01
2026070312 2026070521     6032      600  9.98795e-01
2026070312 2026070521     6032      650  8.40236e-01
2026070312 2026070521     6032      700  2.92307e-01
2026070312 2026070521     6032      750  0.00000e+00
2026070312 2026070521     6032      800  0.00000e+00
2026070312 2026070521     6032      850  0.00000e+00
2026070312 2026070521     6032      875  0.00000e+00
2026070312 2026070521     6032      900  0.00000e+00
2026070312 2026070521     6032      925  0.00000e+00
2026070312 2026070521     6032      950  0.00000e+00
2026070312 2026070521     6032      975  0.00000e+00
2026070312 2026070521     6032     1000  0.00000e+00
2026070312 2026070522     6032       50  0.00000e+00
2026070312 2026070522     6032       70  0.00000e+00
2026070312 2026070522     6032      100  0.00000e+00
2026070312 2026070522     6032      150  1.65197e-01
2026070312 2026070522     6032      200  0.00000e+00
2026070312 2026070522     6032      250  0.00000e+00
2026070312 2026070522     6032      300  6.52575e-01
2026070312 2026070522     6032      350  8.03590e-03
2026070312 2026070522     6032      400  7.63127e-02
2026070312 2026070522     6032      450  4.22055e-01
2026070312 2026070522     6032      500  2.24588e-01
2026070312 2026070522     6032      550  0.00000e+00
2026070312 2026070522     6032      600  0.00000e+00
2026070312 2026070522     6032      650  0.00000e+00
2026070312 2026070522     6032      700  0.00000e+00
2026070312 2026070522     6032      750  0.00000e+00
2026070312 2026070522     6032      800  0.00000e+00
2026070312 2026070522     6032      850  0.00000e+00
2026070312 2026070522     6032      875  0.00000e+00
2026070312 2026070522     6032      900  0.00000e+00
2026070312 2026070522     6032      925  0.00000e+00
2026070312 2026070522     6032      950  0.00000e+00
2026070312 2026070522     6032      975  0.00000e+00
2026070312 2026070522     6032     1000  0.00000e+00
2026070312 2026070523     6032       50  0.00000e+00
2026070312 2026070523     6032       70  0.00000e+00
2026070312 2026070523     6032      100  0.00000e+00
2026070312 2026070523     6032      150  0.00000e+00
2026070312 2026070523     6032      200  0.00000e+00
2026070312 2026070523     6032      250  0.00000e+00
2026070312 2026070523     6032      300  6.36247e-01
2026070312 2026070523     6032      350  0.00000e+00
2026070312 2026070523     6032      400  0.00000e+00
2026070312 2026070523     6032      450  1.84493e-01
2026070312 2026070523     6032      500  7.60960e-01
2026070312 2026070523     6032      550  0.00000e+00
2026070312 2026070523     6032      600  0.00000e+00
2026070312 2026070523     6032      650  0.00000e+00
2026070312 2026070523     6032      700  0.00000e+00
2026070312 2026070523     6032      750  0.00000e+00
2026070312 2026070523     6032      800  0.00000e+00
2026070312 2026070523     6032      850  0.00000e+00
2026070312 2026070523     6032      875  0.00000e+00
2026070312 2026070523     6032      900  0.00000e+00
2026070312 2026070523     6032      925  0.00000e+00
2026070312 2026070523     6032      950  0.00000e+00
2026070312 2026070523     6032      975  0.00000e+00
2026070312 2026070523     6032     1000  0.00000e+00
2026070312 2026070600     6032       50  0.00000e+00
2026070312 2026070600     6032       70  0.00000e+00
2026070312 2026070600     6032      100  0.00000e+00
2026070312 2026070600     6032      150  0.00000e+00
2026070312 2026070600     6032      200  0.00000e+00
2026070312 2026070600     6032      250  0.00000e+00
2026070312 2026070600     6032      300  0.00000e+00
2026070312 2026070600     6032      350  0.00000e+00
2026070312 2026070600     6032      400  0.00000e+00
2026070312 2026070600     6032      450  0.00000e+00
2026070312 2026070600     6032      500  0.00000e+00
2026070312 2026070600     6032      550  0.00000e+00
2026070312 2026070600     6032      600  0.00000e+00
2026070312 2026070600     6032      650  0.00000e+00
2026070312 2026070600     6032      700  0.00000e+00
2026070312 2026070600     6032      750  0.00000e+00
2026070312 2026070600     6032      800  0.00000e+00
2026070312 2026070600     6032      850  0.00000e+00
2026070312 2026070600     6032      875  0.00000e+00
2026070312 2026070600     6032      900  0.00000e+00
2026070312 2026070600     6032      925  0.00000e+00
2026070312 2026070600     6032      950  0.00000e+00
2026070312 2026070600     6032      975  0.00000e+00
2026070312 2026070600     6032     1000  0.00000e+00
2026070312 2026070601     6032       50  0.00000e+00
2026070312 2026070601     6032       70  0.00000e+00
2026070312 2026070601     6032      100  0.00000e+00
2026070312 2026070601     6032      150  0.00000e+00
2026070312 2026070601     6032      200  0.00000e+00
2026070312 2026070601     6032      250  0.00000e+00
2026070312 2026070601     6032      300  0.00000e+00
2026070312 2026070601     6032      350  0.00000e+00
2026070312 2026070601     6032      400  0.00000e+00
2026070312 2026070601     6032      450  0.00000e+00
2026070312 2026070601     6032      500  0.00000e+00
2026070312 2026070601     6032      550  0.00000e+00
2026070312 2026070601     6032      600  0.00000e+00
2026070312 2026070601     6032      650  0.00000e+00
2026070312 2026070601     6032      700  0.00000e+00
2026070312 2026070601     6032      750  0.00000e+00
2026070312 2026070601     6032      800  0.00000e+00
2026070312 2026070601     6032      850  0.00000e+00
2026070312 2026070601     6032      875  0.00000e+00
2026070312 2026070601     6032      900  0.00000e+00
2026070312 2026070601     6032      925  0.00000e+00
2026070312 2026070601     6032      950 -6.93889e-18
2026070312 2026070601     6032      975  0.00000e+00
2026070312 2026070601     6032     1000  0.00000e+00
2026070312 2026070602     6032       50  0.00000e+00
2026070312 2026070602     6032       70  0.00000e+00
2026070312 2026070602     6032      100  0.00000e+00
2026070312 2026070602     6032      150  0.00000e+00
2026070312 2026070602     6032      200  0.00000e+00
2026070312 2026070602     6032      250  0.00000e+00
2026070312 2026070602     6032      300  0.00000e+00
2026070312 2026070602     6032      350  0.00000e+00
2026070312 2026070602     6032      400  0.00000e+00
2026070312 2026070602     6032      450  0.00000e+00
2026070312 2026070602     6032      500  0.00000e+00
2026070312 2026070602     6032      550  0.00000e+00
2026070312 2026070602     6032      600  0.00000e+00
2026070312 2026070602     6032      650  0.00000e+00
2026070312 2026070602     6032      700  0.00000e+00
2026070312 2026070602     6032      750  0.00000e+00
2026070312 2026070602     6032      800  0.00000e+00
2026070312 2026070602     6032      850  0.00000e+00
2026070312 2026070602     6032      875  0.00000e+00
2026070312 2026070602     6032      900  0.00000e+00
2026070312 2026070602     6032      925  0.00000e+00
2026070312 2026070602     6032      950  0.00000e+00
2026070312 2026070602     6032      975  0.00000e+00
2026070312 2026070602     6032     1000  0.00000e+00
2026070312 2026070603     6032       50  0.00000e+00
2026070312 2026070603     6032       70  0.00000e+00
2026070312 2026070603     6032      100  0.00000e+00
2026070312 2026070603     6032      150  0.00000e+00
2026070312 2026070603     6032      200  0.00000e+00
2026070312 2026070603     6032      250  0.00000e+00
2026070312 2026070603     6032      300  0.00000e+00
2026070312 2026070603     6032      350  0.00000e+00
2026070312 2026070603     6032      400  0.00000e+00
2026070312 2026070603     6032      450  0.00000e+00
2026070312 2026070603     6032      500  0.00000e+00
2026070312 2026070603     6032      550  0.00000e+00
2026070312 2026070603     6032      600  0.00000e+00
2026070312 2026070603     6032      650  0.00000e+00
2026070312 2026070603     6032      700  0.00000e+00
2026070312 2026070603     6032      750  0.00000e+00
2026070312 2026070603     6032      800  0.00000e+00
2026070312 2026070603     6032      850  0.00000e+00
2026070312 2026070603     6032      875  0.00000e+00
2026070312 2026070603     6032      900  0.00000e+00
2026070312 2026070603     6032      925  0.00000e+00
2026070312 2026070603     6032      950  0.00000e+00
2026070312 2026070603     6032      975  0.00000e+00
2026070312 2026070603     6032     1000  0.00000e+00
2026070312 2026070604     6032       50  0.00000e+00
2026070312 2026070604     6032       70  0.00000e+00
2026070312 2026070604     6032      100  0.00000e+00
2026070312 2026070604     6032      150  0.00000e+00
2026070312 2026070604     6032      200  0.00000e+00
2026070312 2026070604     6032      250  0.00000e+00
2026070312 2026070604     6032      300  0.00000e+00
2026070312 2026070604     6032      350  0.00000e+00
2026070312 2026070604     6032      400  7.06983e-02
2026070312 2026070604     6032      450  1.00000e+00
2026070312 2026070604     6032      500  7.61899e-01
2026070312 2026070604     6032      550  0.00000e+00
2026070312 2026070604     6032      600  0.00000e+00
2026070312 2026070604     6032      650  0.00000e+00
2026070312 2026070604     6032      700  0.00000e+00
2026070312 2026070604     6032      750  0.00000e+00
2026070312 2026070604     6032      800  0.00000e+00
2026070312 2026070604     6032      850  0.00000e+00
2026070312 2026070604     6032      875  0.00000e+00
2026070312 2026070604     6032      900  0.00000e+00
2026070312 2026070604     6032      925  0.00000e+00
2026070312 2026070604     6032      950  0.00000e+00
2026070312 2026070604     6032      975  0.00000e+00
2026070312 2026070604     6032     1000  7.19909e-01
2026070312 2026070605     6032       50  0.00000e+00
2026070312 2026070605     6032       70  0.00000e+00
2026070312 2026070605     6032      100  0.00000e+00
2026070312 2026070605     6032      150  0.00000e+00
2026070312 2026070605     6032      200  0.00000e+00
2026070312 2026070605     6032      250  0.00000e+00
2026070312 2026070605     6032      300  0.00000e+00
2026070312 2026070605     6032      350  0.00000e+00
2026070312 2026070605     6032      400  2.52612e-02
2026070312 2026070605     6032      450  4.70159e-01
2026070312 2026070605     6032      500  8.62736e-01
2026070312 2026070605     6032      550  3.06340e-01
2026070312 2026070605     6032      600  0.00000e+00
2026070312 2026070605     6032      650  0.00000e+00
2026070312 2026070605     6032      700  0.00000e+00
2026070312 2026070605     6032      750  0.00000e+00
2026070312 2026070605     6032      800  0.00000e+00
2026070312 2026070605     6032      850  0.00000e+00
2026070312 2026070605     6032      875  0.00000e+00
2026070312 2026070605     6032      900  0.00000e+00
2026070312 2026070605     6032      925  0.00000e+00
2026070312 2026070605     6032      950  0.00000e+00
2026070312 2026070605     6032      975  0.00000e+00
2026070312 2026070605     6032     1000  0.00000e+00
2026070312 2026070606     6032       50  0.00000e+00
2026070312 2026070606     6032       70  0.00000e+00
2026070312 2026070606     6032      100  0.00000e+00
2026070312 2026070606     6032      150  0.00000e+00
2026070312 2026070606     6032      200  0.00000e+00
2026070312 2026070606     6032      250  0.00000e+00
2026070312 2026070606     6032      300  0.00000e+00
2026070312 2026070606     6032      350  0.00000e+00
2026070312 2026070606     6032      400  0.00000e+00
2026070312 2026070606     6032      450  1.88588e-01
2026070312 2026070606     6032      500  1.00000e+00
2026070312 2026070606     6032      550  9.66799e-01
2026070312 2026070606     6032      600  5.74429e-01
2026070312 2026070606     6032      650  0.00000e+00
2026070312 2026070606     6032      700  0.00000e+00
2026070312 2026070606     6032      750  0.00000e+00
2026070312 2026070606     6032      800  0.00000e+00
2026070312 2026070606     6032      850  0.00000e+00
2026070312 2026070606     6032      875  0.00000e+00
2026070312 2026070606     6032      900  0.00000e+00
2026070312 2026070606     6032      925  0.00000e+00
2026070312 2026070606     6032      950  0.00000e+00
2026070312 2026070606     6032      975  0.00000e+00
2026070312 2026070606     6032     1000  0.00000e+00
2026070312 2026070607     6032       50  0.00000e+00
2026070312 2026070607     6032       70  0.00000e+00
2026070312 2026070607     6032      100  0.00000e+00
2026070312 2026070607     6032      150  0.00000e+00
2026070312 2026070607     6032      200  0.00000e+00
2026070312 2026070607     6032      250  0.00000e+00
2026070312 2026070607     6032      300  0.00000e+00
2026070312 2026070607     6032      350  0.00000e+00
2026070312 2026070607     6032      400  0.00000e+00
2026070312 2026070607     6032      450  1.88169e-01
2026070312 2026070607     6032      500  9.99742e-01
2026070312 2026070607     6032      550  9.98898e-01
2026070312 2026070607     6032      600  9.98742e-01
2026070312 2026070607     6032      650  5.70171e-01
2026070312 2026070607     6032      700  0.00000e+00
2026070312 2026070607     6032      750  0.00000e+00
2026070312 2026070607     6032      800  0.00000e+00
2026070312 2026070607     6032      850  0.00000e+00
2026070312 2026070607     6032      875  0.00000e+00
2026070312 2026070607     6032      900  0.00000e+00
2026070312 2026070607     6032      925  0.00000e+00
2026070312 2026070607     6032      950  0.00000e+00
2026070312 2026070607     6032      975  0.00000e+00
2026070312 2026070607     6032     1000  0.00000e+00
2026070312 2026070608     6032       50  0.00000e+00
2026070312 2026070608     6032       70  0.00000e+00
2026070312 2026070608     6032      100  0.00000e+00
2026070312 2026070608     6032      150  0.00000e+00
2026070312 2026070608     6032      200  0.00000e+00
2026070312 2026070608     6032      250  0.00000e+00
2026070312 2026070608     6032      300  0.00000e+00
2026070312 2026070608     6032      350  0.00000e+00
2026070312 2026070608     6032      400  0.00000e+00
2026070312 2026070608     6032      450  0.00000e+00
2026070312 2026070608     6032      500  2.42123e-01
2026070312 2026070608     6032      550  7.07381e-01
2026070312 2026070608     6032      600  0.00000e+00
2026070312 2026070608     6032      650  0.00000e+00
2026070312 2026070608     6032      700  0.00000e+00
2026070312 2026070608     6032      750  0.00000e+00
2026070312 2026070608     6032      800  0.00000e+00
2026070312 2026070608     6032      850  0.00000e+00
2026070312 2026070608     6032      875  0.00000e+00
2026070312 2026070608     6032      900  0.00000e+00
2026070312 2026070608     6032      925  0.00000e+00
2026070312 2026070608     6032      950  0.00000e+00
2026070312 2026070608     6032      975  0.00000e+00
2026070312 2026070608     6032     1000  0.00000e+00
2026070312 2026070609     6032       50  0.00000e+00
2026070312 2026070609     6032       70  0.00000e+00
2026070312 2026070609     6032      100  0.00000e+00
2026070312 2026070609     6032      150  0.00000e+00
2026070312 2026070609     6032      200  0.00000e+00
2026070312 2026070609     6032      250  0.00000e+00
2026070312 2026070609     6032      300  0.00000e+00
2026070312 2026070609     6032      350  0.00000e+00
2026070312 2026070609     6032      400  0.00000e+00
2026070312 2026070609     6032      450  0.00000e+00
2026070312 2026070609     6032      500  2.44017e-01
2026070312 2026070609     6032      550  7.04902e-01
2026070312 2026070609     6032      600  0.00000e+00
2026070312 2026070609     6032      650  0.00000e+00
2026070312 2026070609     6032      700  5.31753e-01
2026070312 2026070609     6032      750  9.87018e-01
2026070312 2026070609     6032      800  1.00475e-01
2026070312 2026070609     6032      850  0.00000e+00
2026070312 2026070609     6032      875  0.00000e+00
2026070312 2026070609     6032      900  0.00000e+00
2026070312 2026070609     6032      925  0.00000e+00
2026070312 2026070609     6032      950  0.00000e+00
2026070312 2026070609     6032      975  0.00000e+00
2026070312 2026070609     6032     1000  0.00000e+00
2026070312 2026070610     6032       50  0.00000e+00
2026070312 2026070610     6032       70  0.00000e+00
2026070312 2026070610     6032      100  0.00000e+00
2026070312 2026070610     6032      150  0.00000e+00
2026070312 2026070610     6032      200  0.00000e+00
2026070312 2026070610     6032      250  0.00000e+00
2026070312 2026070610     6032      300  0.00000e+00
2026070312 2026070610     6032      350  0.00000e+00
2026070312 2026070610     6032      400  0.00000e+00
2026070312 2026070610     6032      450  0.00000e+00
2026070312 2026070610     6032      500  0.00000e+00
2026070312 2026070610     6032      550  0.00000e+00
2026070312 2026070610     6032      600  0.00000e+00
2026070312 2026070610     6032      650  0.00000e+00
2026070312 2026070610     6032      700  0.00000e+00
2026070312 2026070610     6032      750  0.00000e+00
2026070312 2026070610     6032      800  0.00000e+00
2026070312 2026070610     6032      850  0.00000e+00
2026070312 2026070610     6032      875  0.00000e+00
2026070312 2026070610     6032      900  0.00000e+00
2026070312 2026070610     6032      925  0.00000e+00
2026070312 2026070610     6032      950  0.00000e+00
2026070312 2026070610     6032      975  0.00000e+00
2026070312 2026070610     6032     1000  0.00000e+00
2026070312 2026070611     6032       50  0.00000e+00
2026070312 2026070611     6032       70  0.00000e+00
2026070312 2026070611     6032      100  0.00000e+00
2026070312 2026070611     6032      150  0.00000e+00
2026070312 2026070611     6032      200  0.00000e+00
2026070312 2026070611     6032      250  0.00000e+00
2026070312 2026070611     6032      300  0.00000e+00
2026070312 2026070611     6032      350  0.00000e+00
2026070312 2026070611     6032      400  0.00000e+00
2026070312 2026070611     6032      450  0.00000e+00
2026070312 2026070611     6032      500  0.00000e+00
2026070312 2026070611     6032      550  0.00000e+00
2026070312 2026070611     6032      600  0.00000e+00
2026070312 2026070611     6032      650  0.00000e+00
2026070312 2026070611     6032      700  0.00000e+00
2026070312 2026070611     6032      750  0.00000e+00
2026070312 2026070611     6032      800  0.00000e+00
2026070312 2026070611     6032      850  0.00000e+00
2026070312 2026070611     6032      875  0.00000e+00
2026070312 2026070611     6032      900  0.00000e+00
2026070312 2026070611     6032      925  0.00000e+00
2026070312 2026070611     6032      950  0.00000e+00
2026070312 2026070611     6032      975  0.00000e+00
2026070312 2026070611     6032     1000  0.00000e+00
2026070312 2026070612     6032       50  0.00000e+00
2026070312 2026070612     6032       70  0.00000e+00
2026070312 2026070612     6032      100  0.00000e+00
2026070312 2026070612     6032      150  1.65538e-01
2026070312 2026070612     6032      200  0.00000e+00
2026070312 2026070612     6032      250  0.00000e+00
2026070312 2026070612     6032      300  0.00000e+00
2026070312 2026070612     6032      350  0.00000e+00
2026070312 2026070612     6032      400  0.00000e+00
2026070312 2026070612     6032      450  0.00000e+00
2026070312 2026070612     6032      500  0.00000e+00
2026070312 2026070612     6032      550  2.85378e-01
2026070312 2026070612     6032      600  6.57312e-01
2026070312 2026070612     6032      650  0.00000e+00
2026070312 2026070612     6032      700  0.00000e+00
2026070312 2026070612     6032      750  0.00000e+00
2026070312 2026070612     6032      800  6.03642e-01
2026070312 2026070612     6032      850  0.00000e+00
2026070312 2026070612     6032      875  0.00000e+00
2026070312 2026070612     6032      900  0.00000e+00
2026070312 2026070612     6032      925  0.00000e+00
2026070312 2026070612     6032      950  0.00000e+00
2026070312 2026070612     6032      975  0.00000e+00
2026070312 2026070612     6032     1000  0.00000e+00
2026070312 2026070613     6032       50  0.00000e+00
2026070312 2026070613     6032       70  0.00000e+00
2026070312 2026070613     6032      100  0.00000e+00
2026070312 2026070613     6032      150  0.00000e+00
2026070312 2026070613     6032      200  0.00000e+00
2026070312 2026070613     6032      250  0.00000e+00
2026070312 2026070613     6032      300  0.00000e+00
2026070312 2026070613     6032      350  0.00000e+00
2026070312 2026070613     6032      400  0.00000e+00
2026070312 2026070613     6032      450  0.00000e+00
2026070312 2026070613     6032      500  0.00000e+00
2026070312 2026070613     6032      550  0.00000e+00
2026070312 2026070613     6032      600  0.00000e+00
2026070312 2026070613     6032      650  0.00000e+00
2026070312 2026070613     6032      700  0.00000e+00
2026070312 2026070613     6032      750  0.00000e+00
2026070312 2026070613     6032      800  0.00000e+00
2026070312 2026070613     6032      850  0.00000e+00
2026070312 2026070613     6032      875  0.00000e+00
2026070312 2026070613     6032      900  0.00000e+00
2026070312 2026070613     6032      925  0.00000e+00
2026070312 2026070613     6032      950  0.00000e+00
2026070312 2026070613     6032      975  0.00000e+00
2026070312 2026070613     6032     1000  0.00000e+00
2026070312 2026070614     6032       50  0.00000e+00
2026070312 2026070614     6032       70  0.00000e+00
2026070312 2026070614     6032      100  0.00000e+00
2026070312 2026070614     6032      150  0.00000e+00
2026070312 2026070614     6032      200  0.00000e+00
2026070312 2026070614     6032      250  0.00000e+00
2026070312 2026070614     6032      300  0.00000e+00
2026070312 2026070614     6032      350  0.00000e+00
2026070312 2026070614     6032      400  0.00000e+00
2026070312 2026070614     6032      450  0.00000e+00
2026070312 2026070614     6032      500  0.00000e+00
2026070312 2026070614     6032      550  0.00000e+00
2026070312 2026070614     6032      600  0.00000e+00
2026070312 2026070614     6032      650  0.00000e+00
2026070312 2026070614     6032      700  0.00000e+00
2026070312 2026070614     6032      750  0.00000e+00
2026070312 2026070614     6032      800  0.00000e+00
2026070312 2026070614     6032      850  0.00000e+00
2026070312 2026070614     6032      875  0.00000e+00
2026070312 2026070614     6032      900  0.00000e+00
2026070312 2026070614     6032      925  0.00000e+00
2026070312 2026070614     6032      950  0.00000e+00
2026070312 2026070614     6032      975  0.00000e+00
2026070312 2026070614     6032     1000  6.18088e-01
2026070312 2026070615     6032       50  0.00000e+00
2026070312 2026070615     6032       70  0.00000e+00
2026070312 2026070615     6032      100  0.00000e+00
2026070312 2026070615     6032      150  0.00000e+00
2026070312 2026070615     6032      200  0.00000e+00
2026070312 2026070615     6032      250  0.00000e+00
2026070312 2026070615     6032      300  0.00000e+00
2026070312 2026070615     6032      350  0.00000e+00
2026070312 2026070615     6032      400  0.00000e+00
2026070312 2026070615     6032      450  0.00000e+00
2026070312 2026070615     6032      500  0.00000e+00
2026070312 2026070615     6032      550  0.00000e+00
2026070312 2026070615     6032      600  0.00000e+00
2026070312 2026070615     6032      650  0.00000e+00
2026070312 2026070615     6032      700  0.00000e+00
2026070312 2026070615     6032      750  0.00000e+00
2026070312 2026070615     6032      800  0.00000e+00
2026070312 2026070615     6032      850  0.00000e+00
2026070312 2026070615     6032      875  0.00000e+00
2026070312 2026070615     6032      900  0.00000e+00
2026070312 2026070615     6032      925  0.00000e+00
2026070312 2026070615     6032      950  0.00000e+00
2026070312 2026070615     6032      975  0.00000e+00
2026070312 2026070615     6032     1000  4.45458e-01
2026070312 2026070616     6032       50  0.00000e+00
2026070312 2026070616     6032       70  0.00000e+00
2026070312 2026070616     6032      100  0.00000e+00
2026070312 2026070616     6032      150  8.34311e-01
2026070312 2026070616     6032      200  0.00000e+00
2026070312 2026070616     6032      250  0.00000e+00
2026070312 2026070616     6032      300  0.00000e+00
2026070312 2026070616     6032      350  0.00000e+00
2026070312 2026070616     6032      400  0.00000e+00
2026070312 2026070616     6032      450  0.00000e+00
2026070312 2026070616     6032      500  0.00000e+00
2026070312 2026070616     6032      550  0.00000e+00
2026070312 2026070616     6032      600  0.00000e+00
2026070312 2026070616     6032      650  0.00000e+00
2026070312 2026070616     6032      700  0.00000e+00
2026070312 2026070616     6032      750  0.00000e+00
2026070312 2026070616     6032      800  0.00000e+00
2026070312 2026070616     6032      850  0.00000e+00
2026070312 2026070616     6032      875  2.16005e-02
2026070312 2026070616     6032      900  8.96098e-01
2026070312 2026070616     6032      925  9.10276e-01
2026070312 2026070616     6032      950  1.92299e-01
2026070312 2026070616     6032      975  0.00000e+00
2026070312 2026070616     6032     1000  2.05434e-01
2026070312 2026070617     6032       50  0.00000e+00
2026070312 2026070617     6032       70  0.00000e+00
2026070312 2026070617     6032      100  0.00000e+00
2026070312 2026070617     6032      150  0.00000e+00
2026070312 2026070617     6032      200  0.00000e+00
2026070312 2026070617     6032      250  0.00000e+00
2026070312 2026070617     6032      300  0.00000e+00
2026070312 2026070617     6032      350  0.00000e+00
2026070312 2026070617     6032      400  0.00000e+00
2026070312 2026070617     6032      450  0.00000e+00
2026070312 2026070617     6032      500  0.00000e+00
2026070312 2026070617     6032      550  0.00000e+00
2026070312 2026070617     6032      600  0.00000e+00
2026070312 2026070617     6032      650  0.00000e+00
2026070312 2026070617     6032      700  0.00000e+00
2026070312 2026070617     6032      750  0.00000e+00
2026070312 2026070617     6032      800  0.00000e+00
2026070312 2026070617     6032      850  0.00000e+00
2026070312 2026070617     6032      875  4.10264e-02
2026070312 2026070617     6032      900  8.32193e-01
2026070312 2026070617     6032      925  2.37088e-01
2026070312 2026070617     6032      950  0.00000e+00
2026070312 2026070617     6032      975  7.19653e-01
2026070312 2026070617     6032     1000  0.00000e+00
2026070312 2026070618     6032       50  0.00000e+00
2026070312 2026070618     6032       70  0.00000e+00
2026070312 2026070618     6032      100  0.00000e+00
2026070312 2026070618     6032      150  0.00000e+00
2026070312 2026070618     6032      200  0.00000e+00
2026070312 2026070618     6032      250  0.00000e+00
2026070312 2026070618     6032      300  0.00000e+00
2026070312 2026070618     6032      350  0.00000e+00
2026070312 2026070618     6032      400  0.00000e+00
2026070312 2026070618     6032      450  0.00000e+00
2026070312 2026070618     6032      500  0.00000e+00
2026070312 2026070618     6032      550  0.00000e+00
2026070312 2026070618     6032      600  0.00000e+00
2026070312 2026070618     6032      650  0.00000e+00
2026070312 2026070618     6032      700  0.00000e+00
2026070312 2026070618     6032      750  0.00000e+00
2026070312 2026070618     6032      800  0.00000e+00
2026070312 2026070618     6032      850  0.00000e+00
2026070312 2026070618     6032      875  3.21611e-02
2026070312 2026070618     6032      900  4.77895e-01
2026070312 2026070618     6032      925  9.23167e-01
2026070312 2026070618     6032      950  5.71316e-01
2026070312 2026070618     6032      975  9.15657e-01
2026070312 2026070618     6032     1000  2.02076e-01
2026070312 2026070619     6032       50  0.00000e+00
2026070312 2026070619     6032       70  0.00000e+00
2026070312 2026070619     6032      100  0.00000e+00
2026070312 2026070619     6032      150  0.00000e+00
2026070312 2026070619     6032      200  0.00000e+00
2026070312 2026070619     6032      250  0.00000e+00
2026070312 2026070619     6032      300  0.00000e+00
2026070312 2026070619     6032      350  0.00000e+00
2026070312 2026070619     6032      400  0.00000e+00
2026070312 2026070619     6032      450  0.00000e+00
2026070312 2026070619     6032      500  0.00000e+00
2026070312 2026070619     6032      550  0.00000e+00
2026070312 2026070619     6032      600  0.00000e+00
2026070312 2026070619     6032      650  0.00000e+00
2026070312 2026070619     6032      700  0.00000e+00
2026070312 2026070619     6032      750  0.00000e+00
2026070312 2026070619     6032      800  0.00000e+00
2026070312 2026070619     6032      850  0.00000e+00
2026070312 2026070619     6032      875  0.00000e+00
2026070312 2026070619     6032      900  0.00000e+00
2026070312 2026070619     6032      925  8.91671e-01
2026070312 2026070619     6032      950  3.67558e-01
2026070312 2026070619     6032      975  0.00000e+00
2026070312 2026070619     6032     1000  5.47364e-01
2026070312 2026070620     6032       50  0.00000e+00
2026070312 2026070620     6032       70  0.00000e+00
2026070312 2026070620     6032      100  0.00000e+00
2026070312 2026070620     6032      150  0.00000e+00
2026070312 2026070620     6032      200  0.00000e+00
2026070312 2026070620     6032      250  0.00000e+00
2026070312 2026070620     6032      300  0.00000e+00
2026070312 2026070620     6032      350  0.00000e+00
2026070312 2026070620     6032      400  0.00000e+00
2026070312 2026070620     6032      450  0.00000e+00
2026070312 2026070620     6032      500  0.00000e+00
2026070312 2026070620     6032      550  0.00000e+00
2026070312 2026070620     6032      600  0.00000e+00
2026070312 2026070620     6032      650  0.00000e+00
2026070312 2026070620     6032      700  0.00000e+00
2026070312 2026070620     6032      750  0.00000e+00
2026070312 2026070620     6032      800  0.00000e+00
2026070312 2026070620     6032      850  0.00000e+00
2026070312 2026070620     6032      875  0.00000e+00
2026070312 2026070620     6032      900  0.00000e+00
2026070312 2026070620     6032      925  0.00000e+00
2026070312 2026070620     6032      950  3.76827e-01
2026070312 2026070620     6032      975  0.00000e+00
2026070312 2026070620     6032     1000  7.14710e-01
2026070312 2026070621     6032       50  0.00000e+00
2026070312 2026070621     6032       70  0.00000e+00
2026070312 2026070621     6032      100  0.00000e+00
2026070312 2026070621     6032      150  0.00000e+00
2026070312 2026070621     6032      200  0.00000e+00
2026070312 2026070621     6032      250  0.00000e+00
2026070312 2026070621     6032      300  0.00000e+00
2026070312 2026070621     6032      350  0.00000e+00
2026070312 2026070621     6032      400  0.00000e+00
2026070312 2026070621     6032      450  0.00000e+00
2026070312 2026070621     6032      500  0.00000e+00
2026070312 2026070621     6032      550  0.00000e+00
2026070312 2026070621     6032      600  0.00000e+00
2026070312 2026070621     6032      650  0.00000e+00
2026070312 2026070621     6032      700  0.00000e+00
2026070312 2026070621     6032      750  0.00000e+00
2026070312 2026070621     6032      800  0.00000e+00
2026070312 2026070621     6032      850  0.00000e+00
2026070312 2026070621     6032      875  0.00000e+00
2026070312 2026070621     6032      900  0.00000e+00
2026070312 2026070621     6032      925  0.00000e+00
2026070312 2026070621     6032      950  5.12040e-01
2026070312 2026070621     6032      975  1.94290e-01
2026070312 2026070621     6032     1000  7.03119e-01
2026070312 2026070622     6032       50  0.00000e+00
2026070312 2026070622     6032       70  0.00000e+00
2026070312 2026070622     6032      100  0.00000e+00
2026070312 2026070622     6032      150  0.00000e+00
2026070312 2026070622     6032      200  0.00000e+00
2026070312 2026070622     6032      250  0.00000e+00
2026070312 2026070622     6032      300  0.00000e+00
2026070312 2026070622     6032      350  0.00000e+00
2026070312 2026070622     6032      400  0.00000e+00
2026070312 2026070622     6032      450  0.00000e+00
2026070312 2026070622     6032      500  0.00000e+00
2026070312 2026070622     6032      550  0.00000e+00
2026070312 2026070622     6032      600  0.00000e+00
2026070312 2026070622     6032      650  0.00000e+00
2026070312 2026070622     6032      700  0.00000e+00
2026070312 2026070622     6032      750  0.00000e+00
2026070312 2026070622     6032      800  0.00000e+00
2026070312 2026070622     6032      850  0.00000e+00
2026070312 2026070622     6032      875  0.00000e+00
2026070312 2026070622     6032      900  0.00000e+00
2026070312 2026070622     6032      925  0.00000e+00
2026070312 2026070622     6032      950  1.71429e-01
2026070312 2026070622     6032      975  6.63572e-01
2026070312 2026070622     6032     1000  6.53761e-01
2026070312 2026070623     6032       50  0.00000e+00
2026070312 2026070623     6032       70  0.00000e+00
2026070312 2026070623     6032      100  0.00000e+00
2026070312 2026070623     6032      150  0.00000e+00
2026070312 2026070623     6032      200  0.00000e+00
2026070312 2026070623     6032      250  0.00000e+00
2026070312 2026070623     6032      300  0.00000e+00
2026070312 2026070623     6032      350  0.00000e+00
2026070312 2026070623     6032      400  0.00000e+00
2026070312 2026070623     6032      450  0.00000e+00
2026070312 2026070623     6032      500  0.00000e+00
2026070312 2026070623     6032      550  0.00000e+00
2026070312 2026070623     6032      600  0.00000e+00
2026070312 2026070623     6032      650 -2.77556e-17
2026070312 2026070623     6032      700  0.00000e+00
2026070312 2026070623     6032      750  0.00000e+00
2026070312 2026070623     6032      800  0.00000e+00
2026070312 2026070623     6032      850  0.00000e+00
2026070312 2026070623     6032      875  0.00000e+00
2026070312 2026070623     6032      900  0.00000e+00
2026070312 2026070623     6032      925  0.00000e+00
2026070312 2026070623     6032      950  0.00000e+00
2026070312 2026070623     6032      975  0.00000e+00
2026070312 2026070623     6032     1000  1.07224e-01
2026070312 2026070700     6032       50  0.00000e+00
2026070312 2026070700     6032       70  0.00000e+00
2026070312 2026070700     6032      100  0.00000e+00
2026070312 2026070700     6032      150  0.00000e+00
2026070312 2026070700     6032      200  0.00000e+00
2026070312 2026070700     6032      250  0.00000e+00
2026070312 2026070700     6032      300  0.00000e+00
2026070312 2026070700     6032      350  0.00000e+00
2026070312 2026070700     6032      400  0.00000e+00
2026070312 2026070700     6032      450  0.00000e+00
2026070312 2026070700     6032      500  0.00000e+00
2026070312 2026070700     6032      550  0.00000e+00
2026070312 2026070700     6032      600  0.00000e+00
2026070312 2026070700     6032      650  0.00000e+00
2026070312 2026070700     6032      700  0.00000e+00
2026070312 2026070700     6032      750  0.00000e+00
2026070312 2026070700     6032      800  0.00000e+00
2026070312 2026070700     6032      850  0.00000e+00
2026070312 2026070700     6032      875  0.00000e+00
2026070312 2026070700     6032      900  0.00000e+00
2026070312 2026070700     6032      925  0.00000e+00
2026070312 2026070700     6032      950  0.00000e+00
2026070312 2026070700     6032      975  0.00000e+00
2026070312 2026070700     6032     1000  0.00000e+00
2026070312 2026070701     6032       50  0.00000e+00
2026070312 2026070701     6032       70  0.00000e+00
2026070312 2026070701     6032      100  0.00000e+00
2026070312 2026070701     6032      150  0.00000e+00
2026070312 2026070701     6032      200  0.00000e+00
2026070312 2026070701     6032      250  0.00000e+00
2026070312 2026070701     6032      300  0.00000e+00
2026070312 2026070701     6032      350  0.00000e+00
2026070312 2026070701     6032      400  0.00000e+00
2026070312 2026070701     6032      450  0.00000e+00
2026070312 2026070701     6032      500  0.00000e+00
2026070312 2026070701     6032      550  0.00000e+00
2026070312 2026070701     6032      600  0.00000e+00
2026070312 2026070701     6032      650  0.00000e+00
2026070312 2026070701     6032      700  0.00000e+00
2026070312 2026070701     6032      750  0.00000e+00
2026070312 2026070701     6032      800  0.00000e+00
2026070312 2026070701     6032      850  0.00000e+00
2026070312 2026070701     6032      875  0.00000e+00
2026070312 2026070701     6032      900  0.00000e+00
2026070312 2026070701     6032      925  0.00000e+00
2026070312 2026070701     6032      950  0.00000e+00
2026070312 2026070701     6032      975  0.00000e+00
2026070312 2026070701     6032     1000  6.24703e-01
2026070312 2026070702     6032       50  0.00000e+00
2026070312 2026070702     6032       70  0.00000e+00
2026070312 2026070702     6032      100  0.00000e+00
2026070312 2026070702     6032      150  0.00000e+00
2026070312 2026070702     6032      200  0.00000e+00
2026070312 2026070702     6032      250  0.00000e+00
2026070312 2026070702     6032      300  0.00000e+00
2026070312 2026070702     6032      350  0.00000e+00
2026070312 2026070702     6032      400  0.00000e+00
2026070312 2026070702     6032      450  0.00000e+00
2026070312 2026070702     6032      500  0.00000e+00
2026070312 2026070702     6032      550  0.00000e+00
2026070312 2026070702     6032      600  0.00000e+00
2026070312 2026070702     6032      650  0.00000e+00
2026070312 2026070702     6032      700  0.00000e+00
2026070312 2026070702     6032      750  0.00000e+00
2026070312 2026070702     6032      800  0.00000e+00
2026070312 2026070702     6032      850  0.00000e+00
2026070312 2026070702     6032      875  0.00000e+00
2026070312 2026070702     6032      900  0.00000e+00
2026070312 2026070702     6032      925  0.00000e+00
2026070312 2026070702     6032      950  0.00000e+00
2026070312 2026070702     6032      975  0.00000e+00
2026070312 2026070702     6032     1000  4.46442e-01
2026070312 2026070703     6032       50  0.00000e+00
2026070312 2026070703     6032       70  0.00000e+00
2026070312 2026070703     6032      100  0.00000e+00
2026070312 2026070703     6032      150  0.00000e+00
2026070312 2026070703     6032      200  0.00000e+00
2026070312 2026070703     6032      250  0.00000e+00
2026070312 2026070703     6032      300  0.00000e+00
2026070312 2026070703     6032      350  0.00000e+00
2026070312 2026070703     6032      400  0.00000e+00
2026070312 2026070703     6032      450  0.00000e+00
2026070312 2026070703     6032      500  0.00000e+00
2026070312 2026070703     6032      550  0.00000e+00
2026070312 2026070703     6032      600  0.00000e+00
2026070312 2026070703     6032      650  0.00000e+00
2026070312 2026070703     6032      700  0.00000e+00
2026070312 2026070703     6032      750  0.00000e+00
2026070312 2026070703     6032      800  0.00000e+00
2026070312 2026070703     6032      850  0.00000e+00
2026070312 2026070703     6032      875  0.00000e+00
2026070312 2026070703     6032      900  0.00000e+00
2026070312 2026070703     6032      925  0.00000e+00
2026070312 2026070703     6032      950  0.00000e+00
2026070312 2026070703     6032      975  0.00000e+00
2026070312 2026070703     6032     1000  7.14703e-01
2026070312 2026070704     6032       50  0.00000e+00
2026070312 2026070704     6032       70  0.00000e+00
2026070312 2026070704     6032      100  0.00000e+00
2026070312 2026070704     6032      150  0.00000e+00
2026070312 2026070704     6032      200  0.00000e+00
2026070312 2026070704     6032      250  0.00000e+00
2026070312 2026070704     6032      300  0.00000e+00
2026070312 2026070704     6032      350  0.00000e+00
2026070312 2026070704     6032      400  0.00000e+00
2026070312 2026070704     6032      450  0.00000e+00
2026070312 2026070704     6032      500  0.00000e+00
2026070312 2026070704     6032      550  0.00000e+00
2026070312 2026070704     6032      600  0.00000e+00
2026070312 2026070704     6032      650  0.00000e+00
2026070312 2026070704     6032      700  0.00000e+00
2026070312 2026070704     6032      750  0.00000e+00
2026070312 2026070704     6032      800  0.00000e+00
2026070312 2026070704     6032      850  0.00000e+00
2026070312 2026070704     6032      875  0.00000e+00
2026070312 2026070704     6032      900  0.00000e+00
2026070312 2026070704     6032      925  0.00000e+00
2026070312 2026070704     6032      950  0.00000e+00
2026070312 2026070704     6032      975  0.00000e+00
2026070312 2026070704     6032     1000  3.68705e-01
2026070312 2026070705     6032       50  0.00000e+00
2026070312 2026070705     6032       70  0.00000e+00
2026070312 2026070705     6032      100  0.00000e+00
2026070312 2026070705     6032      150  0.00000e+00
2026070312 2026070705     6032      200  0.00000e+00
2026070312 2026070705     6032      250  0.00000e+00
2026070312 2026070705     6032      300  0.00000e+00
2026070312 2026070705     6032      350  0.00000e+00
2026070312 2026070705     6032      400  0.00000e+00
2026070312 2026070705     6032      450  0.00000e+00
2026070312 2026070705     6032      500  0.00000e+00
2026070312 2026070705     6032      550  0.00000e+00
2026070312 2026070705     6032      600  0.00000e+00
2026070312 2026070705     6032      650  0.00000e+00
2026070312 2026070705     6032      700  0.00000e+00
2026070312 2026070705     6032      750  0.00000e+00
2026070312 2026070705     6032      800  0.00000e+00
2026070312 2026070705     6032      850  0.00000e+00
2026070312 2026070705     6032      875  0.00000e+00
2026070312 2026070705     6032      900  0.00000e+00
2026070312 2026070705     6032      925  0.00000e+00
2026070312 2026070705     6032      950  3.56306e-01
2026070312 2026070705     6032      975  0.00000e+00
2026070312 2026070705     6032     1000  0.00000e+00
2026070312 2026070706     6032       50  0.00000e+00
2026070312 2026070706     6032       70  0.00000e+00
2026070312 2026070706     6032      100  0.00000e+00
2026070312 2026070706     6032      150  0.00000e+00
2026070312 2026070706     6032      200  0.00000e+00
2026070312 2026070706     6032      250  0.00000e+00
2026070312 2026070706     6032      300  0.00000e+00
2026070312 2026070706     6032      350  0.00000e+00
2026070312 2026070706     6032      400  0.00000e+00
2026070312 2026070706     6032      450  0.00000e+00
2026070312 2026070706     6032      500  0.00000e+00
2026070312 2026070706     6032      550  0.00000e+00
2026070312 2026070706     6032      600  0.00000e+00
2026070312 2026070706     6032      650  0.00000e+00
2026070312 2026070706     6032      700  0.00000e+00
2026070312 2026070706     6032      750  0.00000e+00
2026070312 2026070706     6032      800  0.00000e+00
2026070312 2026070706     6032      850  0.00000e+00
2026070312 2026070706     6032      875  0.00000e+00
2026070312 2026070706     6032      900  0.00000e+00
2026070312 2026070706     6032      925  0.00000e+00
2026070312 2026070706     6032      950  0.00000e+00
2026070312 2026070706     6032      975  0.00000e+00
2026070312 2026070706     6032     1000  0.00000e+00
2026070312 2026070707     6032       50  0.00000e+00
2026070312 2026070707     6032       70  0.00000e+00
2026070312 2026070707     6032      100  0.00000e+00
2026070312 2026070707     6032      150  0.00000e+00
2026070312 2026070707     6032      200  0.00000e+00
2026070312 2026070707     6032      250  0.00000e+00
2026070312 2026070707     6032      300  0.00000e+00
2026070312 2026070707     6032      350  0.00000e+00
2026070312 2026070707     6032      400  0.00000e+00
2026070312 2026070707     6032      450  0.00000e+00
2026070312 2026070707     6032      500  0.00000e+00
2026070312 2026070707     6032      550  0.00000e+00
2026070312 2026070707     6032      600  0.00000e+00
2026070312 2026070707     6032      650  0.00000e+00
2026070312 2026070707     6032      700  0.00000e+00
2026070312 2026070707     6032      750  0.00000e+00
2026070312 2026070707     6032      800  0.00000e+00
2026070312 2026070707     6032      850  0.00000e+00
2026070312 2026070707     6032      875  0.00000e+00
2026070312 2026070707     6032      900  0.00000e+00
2026070312 2026070707     6032      925  0.00000e+00
2026070312 2026070707     6032      950  0.00000e+00
2026070312 2026070707     6032      975  0.00000e+00
2026070312 2026070707     6032     1000  1.80290e-01
2026070312 2026070708     6032       50  0.00000e+00
2026070312 2026070708     6032       70  0.00000e+00
2026070312 2026070708     6032      100  0.00000e+00
2026070312 2026070708     6032      150  0.00000e+00
2026070312 2026070708     6032      200  0.00000e+00
2026070312 2026070708     6032      250  0.00000e+00
2026070312 2026070708     6032      300  0.00000e+00
2026070312 2026070708     6032      350  0.00000e+00
2026070312 2026070708     6032      400  0.00000e+00
2026070312 2026070708     6032      450  0.00000e+00
2026070312 2026070708     6032      500  0.00000e+00
2026070312 2026070708     6032      550  0.00000e+00
2026070312 2026070708     6032      600  0.00000e+00
2026070312 2026070708     6032      650  0.00000e+00
2026070312 2026070708     6032      700  0.00000e+00
2026070312 2026070708     6032      750  0.00000e+00
2026070312 2026070708     6032      800  0.00000e+00
2026070312 2026070708     6032      850  0.00000e+00
2026070312 2026070708     6032      875  0.00000e+00
2026070312 2026070708     6032      900  0.00000e+00
2026070312 2026070708     6032      925  0.00000e+00
2026070312 2026070708     6032      950  7.23896e-02
2026070312 2026070708     6032      975  3.47452e-02
2026070312 2026070708     6032     1000  0.00000e+00
2026070312 2026070709     6032       50  0.00000e+00
2026070312 2026070709     6032       70  0.00000e+00
2026070312 2026070709     6032      100  0.00000e+00
2026070312 2026070709     6032      150  0.00000e+00
2026070312 2026070709     6032      200  0.00000e+00
2026070312 2026070709     6032      250  0.00000e+00
2026070312 2026070709     6032      300  0.00000e+00
2026070312 2026070709     6032      350  0.00000e+00
2026070312 2026070709     6032      400  0.00000e+00
2026070312 2026070709     6032      450  0.00000e+00
2026070312 2026070709     6032      500  0.00000e+00
2026070312 2026070709     6032      550  0.00000e+00
2026070312 2026070709     6032      600  0.00000e+00
2026070312 2026070709     6032      650  0.00000e+00
2026070312 2026070709     6032      700  0.00000e+00
2026070312 2026070709     6032      750  0.00000e+00
2026070312 2026070709     6032      800  0.00000e+00
2026070312 2026070709     6032      850  0.00000e+00
2026070312 2026070709     6032      875  0.00000e+00
2026070312 2026070709     6032      900  0.00000e+00
2026070312 2026070709     6032      925  0.00000e+00
2026070312 2026070709     6032      950  7.83372e-01
2026070312 2026070709     6032      975  2.73138e-02
2026070312 2026070709     6032     1000  0.00000e+00
2026070312 2026070710     6032       50  0.00000e+00
2026070312 2026070710     6032       70  0.00000e+00
2026070312 2026070710     6032      100  0.00000e+00
2026070312 2026070710     6032      150  0.00000e+00
2026070312 2026070710     6032      200  0.00000e+00
2026070312 2026070710     6032      250  0.00000e+00
2026070312 2026070710     6032      300  0.00000e+00
2026070312 2026070710     6032      350  0.00000e+00
2026070312 2026070710     6032      400  0.00000e+00
2026070312 2026070710     6032      450  0.00000e+00
2026070312 2026070710     6032      500  0.00000e+00
2026070312 2026070710     6032      550  0.00000e+00
2026070312 2026070710     6032      600  0.00000e+00
2026070312 2026070710     6032      650  0.00000e+00
2026070312 2026070710     6032      700  0.00000e+00
2026070312 2026070710     6032      750  0.00000e+00
2026070312 2026070710     6032      800  0.00000e+00
2026070312 2026070710     6032      850  0.00000e+00
2026070312 2026070710     6032      875  0.00000e+00
2026070312 2026070710     6032      900  0.00000e+00
2026070312 2026070710     6032      925  0.00000e+00
2026070312 2026070710     6032      950  7.23087e-01
2026070312 2026070710     6032      975  5.63705e-01
2026070312 2026070710     6032     1000  0.00000e+00
2026070312 2026070711     6032       50  0.00000e+00
2026070312 2026070711     6032       70  0.00000e+00
2026070312 2026070711     6032      100  0.00000e+00
2026070312 2026070711     6032      150  0.00000e+00
2026070312 2026070711     6032      200  0.00000e+00
2026070312 2026070711     6032      250  0.00000e+00
2026070312 2026070711     6032      300  0.00000e+00
2026070312 2026070711     6032      350  0.00000e+00
2026070312 2026070711     6032      400  0.00000e+00
2026070312 2026070711     6032      450  0.00000e+00
2026070312 2026070711     6032      500  0.00000e+00
2026070312 2026070711     6032      550  0.00000e+00
2026070312 2026070711     6032      600  0.00000e+00
2026070312 2026070711     6032      650  0.00000e+00
2026070312 2026070711     6032      700  0.00000e+00
2026070312 2026070711     6032      750  0.00000e+00
2026070312 2026070711     6032      800  0.00000e+00
2026070312 2026070711     6032      850  0.00000e+00
2026070312 2026070711     6032      875  0.00000e+00
2026070312 2026070711     6032      900  0.00000e+00
2026070312 2026070711     6032      925  0.00000e+00
2026070312 2026070711     6032      950  9.47121e-01
2026070312 2026070711     6032      975  7.66268e-01
2026070312 2026070711     6032     1000  0.00000e+00
2026070312 2026070712     6032       50  0.00000e+00
2026070312 2026070712     6032       70  0.00000e+00
2026070312 2026070712     6032      100  0.00000e+00
2026070312 2026070712     6032      150  0.00000e+00
2026070312 2026070712     6032      200  0.00000e+00
2026070312 2026070712     6032      250  0.00000e+00
2026070312 2026070712     6032      300  0.00000e+00
2026070312 2026070712     6032      350  0.00000e+00
2026070312 2026070712     6032      400  0.00000e+00
2026070312 2026070712     6032      450  0.00000e+00
2026070312 2026070712     6032      500  0.00000e+00
2026070312 2026070712     6032      550  0.00000e+00
2026070312 2026070712     6032      600  0.00000e+00
2026070312 2026070712     6032      650  0.00000e+00
2026070312 2026070712     6032      700  0.00000e+00
2026070312 2026070712     6032      750  0.00000e+00
2026070312 2026070712     6032      800  0.00000e+00
2026070312 2026070712     6032      850  0.00000e+00
2026070312 2026070712     6032      875  0.00000e+00
2026070312 2026070712     6032      900  0.00000e+00
2026070312 2026070712     6032      925  0.00000e+00
2026070312 2026070712     6032      950  1.82129e-01
2026070312 2026070712     6032      975  9.02775e-01
2026070312 2026070712     6032     1000  0.00000e+00
2026070312 2026070713     6032       50  0.00000e+00
2026070312 2026070713     6032       70  0.00000e+00
2026070312 2026070713     6032      100  0.00000e+00
2026070312 2026070713     6032      150  0.00000e+00
2026070312 2026070713     6032      200  0.00000e+00
2026070312 2026070713     6032      250  0.00000e+00
2026070312 2026070713     6032      300  0.00000e+00
2026070312 2026070713     6032      350  0.00000e+00
2026070312 2026070713     6032      400  0.00000e+00
2026070312 2026070713     6032      450  0.00000e+00
2026070312 2026070713     6032      500  0.00000e+00
2026070312 2026070713     6032      550  0.00000e+00
2026070312 2026070713     6032      600  0.00000e+00
2026070312 2026070713     6032      650  0.00000e+00
2026070312 2026070713     6032      700  0.00000e+00
2026070312 2026070713     6032      750  0.00000e+00
2026070312 2026070713     6032      800  0.00000e+00
2026070312 2026070713     6032      850  0.00000e+00
2026070312 2026070713     6032      875  0.00000e+00
2026070312 2026070713     6032      900  0.00000e+00
2026070312 2026070713     6032      925  0.00000e+00
2026070312 2026070713     6032      950  0.00000e+00
2026070312 2026070713     6032      975  0.00000e+00
2026070312 2026070713     6032     1000  0.00000e+00
2026070312 2026070714     6032       50  0.00000e+00
2026070312 2026070714     6032       70  0.00000e+00
2026070312 2026070714     6032      100  0.00000e+00
2026070312 2026070714     6032      150  0.00000e+00
2026070312 2026070714     6032      200  0.00000e+00
2026070312 2026070714     6032      250  0.00000e+00
2026070312 2026070714     6032      300  0.00000e+00
2026070312 2026070714     6032      350  0.00000e+00
2026070312 2026070714     6032      400  0.00000e+00
2026070312 2026070714     6032      450  0.00000e+00
2026070312 2026070714     6032      500  0.00000e+00
2026070312 2026070714     6032      550  0.00000e+00
2026070312 2026070714     6032      600  0.00000e+00
2026070312 2026070714     6032      650  0.00000e+00
2026070312 2026070714     6032      700  0.00000e+00
2026070312 2026070714     6032      750  0.00000e+00
2026070312 2026070714     6032      800  0.00000e+00
2026070312 2026070714     6032      850  0.00000e+00
2026070312 2026070714     6032      875  0.00000e+00
2026070312 2026070714     6032      900  0.00000e+00
2026070312 2026070714     6032      925  0.00000e+00
2026070312 2026070714     6032      950  0.00000e+00
2026070312 2026070714     6032      975  0.00000e+00
2026070312 2026070714     6032     1000  0.00000e+00
2026070312 2026070715     6032       50  0.00000e+00
2026070312 2026070715     6032       70  0.00000e+00
2026070312 2026070715     6032      100  0.00000e+00
2026070312 2026070715     6032      150  0.00000e+00
2026070312 2026070715     6032      200  0.00000e+00
2026070312 2026070715     6032      250  0.00000e+00
2026070312 2026070715     6032      300  0.00000e+00
2026070312 2026070715     6032      350  0.00000e+00
2026070312 2026070715     6032      400  0.00000e+00
2026070312 2026070715     6032      450  0.00000e+00
2026070312 2026070715     6032      500  0.00000e+00
2026070312 2026070715     6032      550  0.00000e+00
2026070312 2026070715     6032      600  0.00000e+00
2026070312 2026070715     6032      650  0.00000e+00
2026070312 2026070715     6032      700  0.00000e+00
2026070312 2026070715     6032      750  0.00000e+00
2026070312 2026070715     6032      800  0.00000e+00
2026070312 2026070715     6032      850  0.00000e+00
2026070312 2026070715     6032      875  0.00000e+00
2026070312 2026070715     6032      900  0.00000e+00
2026070312 2026070715     6032      925  0.00000e+00
2026070312 2026070715     6032      950  2.00647e-01
2026070312 2026070715     6032      975  6.93829e-01
2026070312 2026070715     6032     1000  0.00000e+00
2026070312 2026070716     6032       50  0.00000e+00
2026070312 2026070716     6032       70  0.00000e+00
2026070312 2026070716     6032      100  0.00000e+00
2026070312 2026070716     6032      150  0.00000e+00
2026070312 2026070716     6032      200  0.00000e+00
2026070312 2026070716     6032      250  0.00000e+00
2026070312 2026070716     6032      300  0.00000e+00
2026070312 2026070716     6032      350  0.00000e+00
2026070312 2026070716     6032      400  0.00000e+00
2026070312 2026070716     6032      450  0.00000e+00
2026070312 2026070716     6032      500  0.00000e+00
2026070312 2026070716     6032      550  0.00000e+00
2026070312 2026070716     6032      600  0.00000e+00
2026070312 2026070716     6032      650  0.00000e+00
2026070312 2026070716     6032      700  0.00000e+00
2026070312 2026070716     6032      750  0.00000e+00
2026070312 2026070716     6032      800  0.00000e+00
2026070312 2026070716     6032      850  0.00000e+00
2026070312 2026070716     6032      875  0.00000e+00
2026070312 2026070716     6032      900  0.00000e+00
2026070312 2026070716     6032      925  0.00000e+00
2026070312 2026070716     6032      950  0.00000e+00
2026070312 2026070716     6032      975  0.00000e+00
2026070312 2026070716     6032     1000  0.00000e+00
2026070312 2026070717     6032       50  0.00000e+00
2026070312 2026070717     6032       70  0.00000e+00
2026070312 2026070717     6032      100  0.00000e+00
2026070312 2026070717     6032      150  0.00000e+00
2026070312 2026070717     6032      200  0.00000e+00
2026070312 2026070717     6032      250  0.00000e+00
2026070312 2026070717     6032      300  0.00000e+00
2026070312 2026070717     6032      350  0.00000e+00
2026070312 2026070717     6032      400  0.00000e+00
2026070312 2026070717     6032      450  0.00000e+00
2026070312 2026070717     6032      500  0.00000e+00
2026070312 2026070717     6032      550  0.00000e+00
2026070312 2026070717     6032      600  0.00000e+00
2026070312 2026070717     6032      650  0.00000e+00
2026070312 2026070717     6032      700  0.00000e+00
2026070312 2026070717     6032      750  0.00000e+00
2026070312 2026070717     6032      800  0.00000e+00
2026070312 2026070717     6032      850  0.00000e+00
2026070312 2026070717     6032      875  0.00000e+00
2026070312 2026070717     6032      900  0.00000e+00
2026070312 2026070717     6032      925  0.00000e+00
2026070312 2026070717     6032      950  0.00000e+00
2026070312 2026070717     6032      975  0.00000e+00
2026070312 2026070717     6032     1000  0.00000e+00
2026070312 2026070718     6032       50  0.00000e+00
2026070312 2026070718     6032       70  0.00000e+00
2026070312 2026070718     6032      100  0.00000e+00
2026070312 2026070718     6032      150  0.00000e+00
2026070312 2026070718     6032      200  0.00000e+00
2026070312 2026070718     6032      250  0.00000e+00
2026070312 2026070718     6032      300  0.00000e+00
2026070312 2026070718     6032      350  0.00000e+00
2026070312 2026070718     6032      400  0.00000e+00
2026070312 2026070718     6032      450  0.00000e+00
2026070312 2026070718     6032      500  0.00000e+00
2026070312 2026070718     6032      550  0.00000e+00
2026070312 2026070718     6032      600  0.00000e+00
2026070312 2026070718     6032      650  0.00000e+00
2026070312 2026070718     6032      700  0.00000e+00
2026070312 2026070718     6032      750  0.00000e+00
2026070312 2026070718     6032      800  0.00000e+00
2026070312 2026070718     6032      850  0.00000e+00
2026070312 2026070718     6032      875  0.00000e+00
2026070312 2026070718     6032      900  0.00000e+00
2026070312 2026070718     6032      925  0.00000e+00
2026070312 2026070718     6032      950  0.00000e+00
2026070312 2026070718     6032      975  0.00000e+00
2026070312 2026070718     6032     1000  0.00000e+00
2026070312 2026070719     6032       50  0.00000e+00
2026070312 2026070719     6032       70  0.00000e+00
2026070312 2026070719     6032      100  0.00000e+00
2026070312 2026070719     6032      150  0.00000e+00
2026070312 2026070719     6032      200  0.00000e+00
2026070312 2026070719     6032      250  0.00000e+00
2026070312 2026070719     6032      300  0.00000e+00
2026070312 2026070719     6032      350  0.00000e+00
2026070312 2026070719     6032      400  0.00000e+00
2026070312 2026070719     6032      450  0.00000e+00
2026070312 2026070719     6032      500  0.00000e+00
2026070312 2026070719     6032      550  0.00000e+00
2026070312 2026070719     6032      600  0.00000e+00
2026070312 2026070719     6032      650  0.00000e+00
2026070312 2026070719     6032      700  0.00000e+00
2026070312 2026070719     6032      750  0.00000e+00
2026070312 2026070719     6032      800  0.00000e+00
2026070312 2026070719     6032      850  0.00000e+00
2026070312 2026070719     6032      875  0.00000e+00
2026070312 2026070719     6032      900  0.00000e+00
2026070312 2026070719     6032      925  0.00000e+00
2026070312 2026070719     6032      950  8.53719e-01
2026070312 2026070719     6032      975  4.92064e-02
2026070312 2026070719     6032     1000  0.00000e+00
2026070312 2026070720     6032       50  0.00000e+00
2026070312 2026070720     6032       70  0.00000e+00
2026070312 2026070720     6032      100  0.00000e+00
2026070312 2026070720     6032      150  0.00000e+00
2026070312 2026070720     6032      200  0.00000e+00
2026070312 2026070720     6032      250  0.00000e+00
2026070312 2026070720     6032      300  0.00000e+00
2026070312 2026070720     6032      350  0.00000e+00
2026070312 2026070720     6032      400  0.00000e+00
2026070312 2026070720     6032      450  0.00000e+00
2026070312 2026070720     6032      500  0.00000e+00
2026070312 2026070720     6032      550  0.00000e+00
2026070312 2026070720     6032      600  0.00000e+00
2026070312 2026070720     6032      650  0.00000e+00
2026070312 2026070720     6032      700  0.00000e+00
2026070312 2026070720     6032      750  0.00000e+00
2026070312 2026070720     6032      800  0.00000e+00
2026070312 2026070720     6032      850  0.00000e+00
2026070312 2026070720     6032      875  0.00000e+00
2026070312 2026070720     6032      900  0.00000e+00
2026070312 2026070720     6032      925  0.00000e+00
2026070312 2026070720     6032      950  5.28583e-01
2026070312 2026070720     6032      975  3.78371e-02
2026070312 2026070720     6032     1000  0.00000e+00
2026070312 2026070721     6032       50  0.00000e+00
2026070312 2026070721     6032       70  0.00000e+00
2026070312 2026070721     6032      100  0.00000e+00
2026070312 2026070721     6032      150  0.00000e+00
2026070312 2026070721     6032      200  0.00000e+00
2026070312 2026070721     6032      250  0.00000e+00
2026070312 2026070721     6032      300  0.00000e+00
2026070312 2026070721     6032      350  0.00000e+00
2026070312 2026070721     6032      400  0.00000e+00
2026070312 2026070721     6032      450  0.00000e+00
2026070312 2026070721     6032      500  0.00000e+00
2026070312 2026070721     6032      550  0.00000e+00
2026070312 2026070721     6032      600  0.00000e+00
2026070312 2026070721     6032      650  0.00000e+00
2026070312 2026070721     6032      700  0.00000e+00
2026070312 2026070721     6032      750  0.00000e+00
2026070312 2026070721     6032      800  0.00000e+00
2026070312 2026070721     6032      850  0.00000e+00
2026070312 2026070721     6032      875  0.00000e+00
2026070312 2026070721     6032      900  0.00000e+00
2026070312 2026070721     6032      925  0.00000e+00
2026070312 2026070721     6032      950  0.00000e+00
2026070312 2026070721     6032      975  0.00000e+00
2026070312 2026070721     6032     1000  0.00000e+00
2026070312 2026070722     6032       50  0.00000e+00
2026070312 2026070722     6032       70  0.00000e+00
2026070312 2026070722     6032      100  0.00000e+00
2026070312 2026070722     6032      150  0.00000e+00
2026070312 2026070722     6032      200  0.00000e+00
2026070312 2026070722     6032      250  0.00000e+00
2026070312 2026070722     6032      300  0.00000e+00
2026070312 2026070722     6032      350  0.00000e+00
2026070312 2026070722     6032      400  0.00000e+00
2026070312 2026070722     6032      450  0.00000e+00
2026070312 2026070722     6032      500  0.00000e+00
2026070312 2026070722     6032      550  0.00000e+00
2026070312 2026070722     6032      600  0.00000e+00
2026070312 2026070722     6032      650  0.00000e+00
2026070312 2026070722     6032      700  0.00000e+00
2026070312 2026070722     6032      750  0.00000e+00
2026070312 2026070722     6032      800  0.00000e+00
2026070312 2026070722     6032      850  0.00000e+00
2026070312 2026070722     6032      875  0.00000e+00
2026070312 2026070722     6032      900  0.00000e+00
2026070312 2026070722     6032      925  0.00000e+00
2026070312 2026070722     6032      950  7.90360e-01
2026070312 2026070722     6032      975  7.16781e-01
2026070312 2026070722     6032     1000  0.00000e+00
2026070312 2026070723     6032       50  0.00000e+00
2026070312 2026070723     6032       70  0.00000e+00
2026070312 2026070723     6032      100  0.00000e+00
2026070312 2026070723     6032      150  0.00000e+00
2026070312 2026070723     6032      200  0.00000e+00
2026070312 2026070723     6032      250  0.00000e+00
2026070312 2026070723     6032      300  0.00000e+00
2026070312 2026070723     6032      350  0.00000e+00
2026070312 2026070723     6032      400  0.00000e+00
2026070312 2026070723     6032      450  0.00000e+00
2026070312 2026070723     6032      500  0.00000e+00
2026070312 2026070723     6032      550  0.00000e+00
2026070312 2026070723     6032      600  0.00000e+00
2026070312 2026070723     6032      650  0.00000e+00
2026070312 2026070723     6032      700  0.00000e+00
2026070312 2026070723     6032      750  0.00000e+00
2026070312 2026070723     6032      800  0.00000e+00
2026070312 2026070723     6032      850  0.00000e+00
2026070312 2026070723     6032      875  0.00000e+00
2026070312 2026070723     6032      900  0.00000e+00
2026070312 2026070723     6032      925  0.00000e+00
2026070312 2026070723     6032      950  4.86914e-01
2026070312 2026070723     6032      975  7.07654e-02
2026070312 2026070723     6032     1000  0.00000e+00
2026070312 2026070800     6032       50  0.00000e+00
2026070312 2026070800     6032       70  0.00000e+00
2026070312 2026070800     6032      100  0.00000e+00
2026070312 2026070800     6032      150  0.00000e+00
2026070312 2026070800     6032      200  0.00000e+00
2026070312 2026070800     6032      250  0.00000e+00
2026070312 2026070800     6032      300  0.00000e+00
2026070312 2026070800     6032      350  0.00000e+00
2026070312 2026070800     6032      400  0.00000e+00
2026070312 2026070800     6032      450  0.00000e+00
2026070312 2026070800     6032      500  0.00000e+00
2026070312 2026070800     6032      550  0.00000e+00
2026070312 2026070800     6032      600  0.00000e+00
2026070312 2026070800     6032      650  0.00000e+00
2026070312 2026070800     6032      700  0.00000e+00
2026070312 2026070800     6032      750  0.00000e+00
2026070312 2026070800     6032      800  0.00000e+00
2026070312 2026070800     6032      850  0.00000e+00
2026070312 2026070800     6032      875  0.00000e+00
2026070312 2026070800     6032      900  0.00000e+00
2026070312 2026070800     6032      925  0.00000e+00
2026070312 2026070800     6032      950  5.87697e-02
2026070312 2026070800     6032      975  7.26973e-02
2026070312 2026070800     6032     1000  0.00000e+00
2026070312 2026070801     6032       50  0.00000e+00
2026070312 2026070801     6032       70  0.00000e+00
2026070312 2026070801     6032      100  0.00000e+00
2026070312 2026070801     6032      150  0.00000e+00
2026070312 2026070801     6032      200  0.00000e+00
2026070312 2026070801     6032      250  0.00000e+00
2026070312 2026070801     6032      300  0.00000e+00
2026070312 2026070801     6032      350  0.00000e+00
2026070312 2026070801     6032      400  0.00000e+00
2026070312 2026070801     6032      450  0.00000e+00
2026070312 2026070801     6032      500  0.00000e+00
2026070312 2026070801     6032      550  0.00000e+00
2026070312 2026070801     6032      600  0.00000e+00
2026070312 2026070801     6032      650  0.00000e+00
2026070312 2026070801     6032      700  0.00000e+00
2026070312 2026070801     6032      750  0.00000e+00
2026070312 2026070801     6032      800  0.00000e+00
2026070312 2026070801     6032      850  0.00000e+00
2026070312 2026070801     6032      875  0.00000e+00
2026070312 2026070801     6032      900  0.00000e+00
2026070312 2026070801     6032      925  0.00000e+00
2026070312 2026070801     6032      950  0.00000e+00
2026070312 2026070801     6032      975  0.00000e+00
2026070312 2026070801     6032     1000  0.00000e+00
2026070312 2026070802     6032       50  0.00000e+00
2026070312 2026070802     6032       70  0.00000e+00
2026070312 2026070802     6032      100  0.00000e+00
2026070312 2026070802     6032      150  0.00000e+00
2026070312 2026070802     6032      200  0.00000e+00
2026070312 2026070802     6032      250  0.00000e+00
2026070312 2026070802     6032      300  0.00000e+00
2026070312 2026070802     6032      350  0.00000e+00
2026070312 2026070802     6032      400  0.00000e+00
2026070312 2026070802     6032      450  0.00000e+00
2026070312 2026070802     6032      500  0.00000e+00
2026070312 2026070802     6032      550  0.00000e+00
2026070312 2026070802     6032      600  0.00000e+00
2026070312 2026070802     6032      650  0.00000e+00
2026070312 2026070802     6032      700  0.00000e+00
2026070312 2026070802     6032      750  0.00000e+00
2026070312 2026070802     6032      800  0.00000e+00
2026070312 2026070802     6032      850  0.00000e+00
2026070312 2026070802     6032      875  0.00000e+00
2026070312 2026070802     6032      900  0.00000e+00
2026070312 2026070802     6032      925  0.00000e+00
2026070312 2026070802     6032      950  0.00000e+00
2026070312 2026070802     6032      975  0.00000e+00
2026070312 2026070802     6032     1000  0.00000e+00
2026070312 2026070803     6032       50  0.00000e+00
2026070312 2026070803     6032       70  0.00000e+00
2026070312 2026070803     6032      100  0.00000e+00
2026070312 2026070803     6032      150  0.00000e+00
2026070312 2026070803     6032      200  0.00000e+00
2026070312 2026070803     6032      250  0.00000e+00
2026070312 2026070803     6032      300  0.00000e+00
2026070312 2026070803     6032      350  0.00000e+00
2026070312 2026070803     6032      400  0.00000e+00
2026070312 2026070803     6032      450  0.00000e+00
2026070312 2026070803     6032      500  0.00000e+00
2026070312 2026070803     6032      550  0.00000e+00
2026070312 2026070803     6032      600  0.00000e+00
2026070312 2026070803     6032      650  0.00000e+00
2026070312 2026070803     6032      700  0.00000e+00
2026070312 2026070803     6032      750  0.00000e+00
2026070312 2026070803     6032      800  0.00000e+00
2026070312 2026070803     6032      850  0.00000e+00
2026070312 2026070803     6032      875  6.93738e-03
2026070312 2026070803     6032      900  2.82789e-01
2026070312 2026070803     6032      925  2.96260e-02
2026070312 2026070803     6032      950  0.00000e+00
2026070312 2026070803     6032      975  0.00000e+00
2026070312 2026070803     6032     1000  0.00000e+00
2026070312 2026070804     6032       50  0.00000e+00
2026070312 2026070804     6032       70  0.00000e+00
2026070312 2026070804     6032      100  0.00000e+00
2026070312 2026070804     6032      150  0.00000e+00
2026070312 2026070804     6032      200  0.00000e+00
2026070312 2026070804     6032      250  0.00000e+00
2026070312 2026070804     6032      300  0.00000e+00
2026070312 2026070804     6032      350  0.00000e+00
2026070312 2026070804     6032      400  0.00000e+00
2026070312 2026070804     6032      450  0.00000e+00
2026070312 2026070804     6032      500  0.00000e+00
2026070312 2026070804     6032      550  0.00000e+00
2026070312 2026070804     6032      600  0.00000e+00
2026070312 2026070804     6032      650  0.00000e+00
2026070312 2026070804     6032      700  0.00000e+00
2026070312 2026070804     6032      750  0.00000e+00
2026070312 2026070804     6032      800  0.00000e+00
2026070312 2026070804     6032      850  4.30812e-01
2026070312 2026070804     6032      875  9.64946e-01
2026070312 2026070804     6032      900  9.30662e-01
2026070312 2026070804     6032      925  8.78822e-02
2026070312 2026070804     6032      950  0.00000e+00
2026070312 2026070804     6032      975  0.00000e+00
2026070312 2026070804     6032     1000  0.00000e+00
2026070312 2026070805     6032       50  0.00000e+00
2026070312 2026070805     6032       70  0.00000e+00
2026070312 2026070805     6032      100  0.00000e+00
2026070312 2026070805     6032      150  0.00000e+00
2026070312 2026070805     6032      200  0.00000e+00
2026070312 2026070805     6032      250  0.00000e+00
2026070312 2026070805     6032      300  0.00000e+00
2026070312 2026070805     6032      350  0.00000e+00
2026070312 2026070805     6032      400  0.00000e+00
2026070312 2026070805     6032      450  0.00000e+00
2026070312 2026070805     6032      500  0.00000e+00
2026070312 2026070805     6032      550  0.00000e+00
2026070312 2026070805     6032      600  0.00000e+00
2026070312 2026070805     6032      650  0.00000e+00
2026070312 2026070805     6032      700  0.00000e+00
2026070312 2026070805     6032      750  0.00000e+00
2026070312 2026070805     6032      800  0.00000e+00
2026070312 2026070805     6032      850  8.60179e-01
2026070312 2026070805     6032      875  9.82258e-01
2026070312 2026070805     6032      900  9.69632e-01
2026070312 2026070805     6032      925  6.99265e-02
2026070312 2026070805     6032      950  0.00000e+00
2026070312 2026070805     6032      975  0.00000e+00
2026070312 2026070805     6032     1000  0.00000e+00
2026070312 2026070806     6032       50  0.00000e+00
2026070312 2026070806     6032       70  0.00000e+00
2026070312 2026070806     6032      100  0.00000e+00
2026070312 2026070806     6032      150  0.00000e+00
2026070312 2026070806     6032      200  0.00000e+00
2026070312 2026070806     6032      250  0.00000e+00
2026070312 2026070806     6032      300  0.00000e+00
2026070312 2026070806     6032      350  0.00000e+00
2026070312 2026070806     6032      400  0.00000e+00
2026070312 2026070806     6032      450  0.00000e+00
2026070312 2026070806     6032      500  0.00000e+00
2026070312 2026070806     6032      550  0.00000e+00
2026070312 2026070806     6032      600  0.00000e+00
2026070312 2026070806     6032      650  0.00000e+00
2026070312 2026070806     6032      700  0.00000e+00
2026070312 2026070806     6032      750  0.00000e+00
2026070312 2026070806     6032      800  0.00000e+00
2026070312 2026070806     6032      850  9.45037e-01
2026070312 2026070806     6032      875  9.33310e-01
2026070312 2026070806     6032      900  9.89669e-01
2026070312 2026070806     6032      925  6.35934e-01
2026070312 2026070806     6032      950  0.00000e+00
2026070312 2026070806     6032      975  0.00000e+00
2026070312 2026070806     6032     1000  0.00000e+00
2026070312 2026070807     6032       50  0.00000e+00
2026070312 2026070807     6032       70  0.00000e+00
2026070312 2026070807     6032      100  0.00000e+00
2026070312 2026070807     6032      150  0.00000e+00
2026070312 2026070807     6032      200  0.00000e+00
2026070312 2026070807     6032      250  0.00000e+00
2026070312 2026070807     6032      300  0.00000e+00
2026070312 2026070807     6032      350  0.00000e+00
2026070312 2026070807     6032      400  0.00000e+00
2026070312 2026070807     6032      450  0.00000e+00
2026070312 2026070807     6032      500  0.00000e+00
2026070312 2026070807     6032      550  0.00000e+00
2026070312 2026070807     6032      600  0.00000e+00
2026070312 2026070807     6032      650  0.00000e+00
2026070312 2026070807     6032      700  0.00000e+00
2026070312 2026070807     6032      750  0.00000e+00
2026070312 2026070807     6032      800  0.00000e+00
2026070312 2026070807     6032      850  9.94711e-01
2026070312 2026070807     6032      875  9.92263e-01
2026070312 2026070807     6032      900  9.89886e-01
2026070312 2026070807     6032      925  9.44084e-01
2026070312 2026070807     6032      950  3.54340e-01
2026070312 2026070807     6032      975  0.00000e+00
2026070312 2026070807     6032     1000  0.00000e+00
2026070312 2026070808     6032       50  0.00000e+00
2026070312 2026070808     6032       70  0.00000e+00
2026070312 2026070808     6032      100  0.00000e+00
2026070312 2026070808     6032      150  0.00000e+00
2026070312 2026070808     6032      200  0.00000e+00
2026070312 2026070808     6032      250  0.00000e+00
2026070312 2026070808     6032      300  0.00000e+00
2026070312 2026070808     6032      350  0.00000e+00
2026070312 2026070808     6032      400  0.00000e+00
2026070312 2026070808     6032      450  0.00000e+00
2026070312 2026070808     6032      500  0.00000e+00
2026070312 2026070808     6032      550  0.00000e+00
2026070312 2026070808     6032      600  0.00000e+00
2026070312 2026070808     6032      650  0.00000e+00
2026070312 2026070808     6032      700  0.00000e+00
2026070312 2026070808     6032      750  0.00000e+00
2026070312 2026070808     6032      800  0.00000e+00
2026070312 2026070808     6032      850  9.93778e-01
2026070312 2026070808     6032      875  9.86103e-01
2026070312 2026070808     6032      900  9.81982e-01
2026070312 2026070808     6032      925  9.58680e-01
2026070312 2026070808     6032      950  7.14513e-01
2026070312 2026070808     6032      975  1.39883e-01
2026070312 2026070808     6032     1000  0.00000e+00
2026070312 2026070809     6032       50  0.00000e+00
2026070312 2026070809     6032       70  0.00000e+00
2026070312 2026070809     6032      100  0.00000e+00
2026070312 2026070809     6032      150  0.00000e+00
2026070312 2026070809     6032      200  0.00000e+00
2026070312 2026070809     6032      250  0.00000e+00
2026070312 2026070809     6032      300  0.00000e+00
2026070312 2026070809     6032      350  0.00000e+00
2026070312 2026070809     6032      400  0.00000e+00
2026070312 2026070809     6032      450  0.00000e+00
2026070312 2026070809     6032      500  0.00000e+00
2026070312 2026070809     6032      550  0.00000e+00
2026070312 2026070809     6032      600  0.00000e+00
2026070312 2026070809     6032      650  0.00000e+00
2026070312 2026070809     6032      700  0.00000e+00
2026070312 2026070809     6032      750  0.00000e+00
2026070312 2026070809     6032      800  0.00000e+00
2026070312 2026070809     6032      850  9.66951e-01
2026070312 2026070809     6032      875  9.04719e-01
2026070312 2026070809     6032      900  9.85787e-01
2026070312 2026070809     6032      925  9.89102e-01
2026070312 2026070809     6032      950  9.04727e-01
2026070312 2026070809     6032      975  5.60845e-01
2026070312 2026070809     6032     1000  0.00000e+00
2026070312 2026070810     6032       50  0.00000e+00
2026070312 2026070810     6032       70  0.00000e+00
2026070312 2026070810     6032      100  0.00000e+00
2026070312 2026070810     6032      150  0.00000e+00
2026070312 2026070810     6032      200  0.00000e+00
2026070312 2026070810     6032      250  0.00000e+00
2026070312 2026070810     6032      300  0.00000e+00
2026070312 2026070810     6032      350  0.00000e+00
2026070312 2026070810     6032      400  0.00000e+00
2026070312 2026070810     6032      450  0.00000e+00
2026070312 2026070810     6032      500  0.00000e+00
2026070312 2026070810     6032      550  0.00000e+00
2026070312 2026070810     6032      600  0.00000e+00
2026070312 2026070810     6032      650  0.00000e+00
2026070312 2026070810     6032      700  0.00000e+00
2026070312 2026070810     6032      750  0.00000e+00
2026070312 2026070810     6032      800  0.00000e+00
2026070312 2026070810     6032      850  8.68980e-01
2026070312 2026070810     6032      875  6.30251e-01
2026070312 2026070810     6032      900  9.42166e-01
2026070312 2026070810     6032      925  9.77478e-01
2026070312 2026070810     6032      950  8.13409e-01
2026070312 2026070810     6032      975  2.86675e-01
2026070312 2026070810     6032     1000  0.00000e+00
2026070312 2026070811     6032       50  0.00000e+00
2026070312 2026070811     6032       70  0.00000e+00
2026070312 2026070811     6032      100  0.00000e+00
2026070312 2026070811     6032      150  0.00000e+00
2026070312 2026070811     6032      200  0.00000e+00
2026070312 2026070811     6032      250  0.00000e+00
2026070312 2026070811     6032      300  0.00000e+00
2026070312 2026070811     6032      350  0.00000e+00
2026070312 2026070811     6032      400  0.00000e+00
2026070312 2026070811     6032      450  0.00000e+00
2026070312 2026070811     6032      500  0.00000e+00
2026070312 2026070811     6032      550  0.00000e+00
2026070312 2026070811     6032      600  0.00000e+00
2026070312 2026070811     6032      650  0.00000e+00
2026070312 2026070811     6032      700  0.00000e+00
2026070312 2026070811     6032      750  0.00000e+00
2026070312 2026070811     6032      800  0.00000e+00
2026070312 2026070811     6032      850  2.73220e-01
2026070312 2026070811     6032      875  9.79171e-01
2026070312 2026070811     6032      900  8.50607e-01
2026070312 2026070811     6032      925  9.59460e-01
2026070312 2026070811     6032      950  6.31944e-01
2026070312 2026070811     6032      975  3.94259e-02
2026070312 2026070811     6032     1000  0.00000e+00
2026070312 2026070812     6032       50  0.00000e+00
2026070312 2026070812     6032       70  0.00000e+00
2026070312 2026070812     6032      100  0.00000e+00
2026070312 2026070812     6032      150  0.00000e+00
2026070312 2026070812     6032      200  0.00000e+00
2026070312 2026070812     6032      250  0.00000e+00
2026070312 2026070812     6032      300  0.00000e+00
2026070312 2026070812     6032      350  0.00000e+00
2026070312 2026070812     6032      400  0.00000e+00
2026070312 2026070812     6032      450  0.00000e+00
2026070312 2026070812     6032      500  0.00000e+00
2026070312 2026070812     6032      550  0.00000e+00
2026070312 2026070812     6032      600  0.00000e+00
2026070312 2026070812     6032      650  0.00000e+00
2026070312 2026070812     6032      700  0.00000e+00
2026070312 2026070812     6032      750  0.00000e+00
2026070312 2026070812     6032      800  0.00000e+00
2026070312 2026070812     6032      850  0.00000e+00
2026070312 2026070812     6032      875  0.00000e+00
2026070312 2026070812     6032      900  0.00000e+00
2026070312 2026070812     6032      925  5.43307e-01
2026070312 2026070812     6032      950  3.31714e-02
2026070312 2026070812     6032      975  0.00000e+00
2026070312 2026070812     6032     1000  0.00000e+00
